34 82.52173913043478
34 82.08695652173913
34 82.04347826086956
34 82.52173913043478
34 82.04347826086956
34 82.04347826086956
35 82.52173913043478
35 82.04347826086956
35 82.04347826086956
35 82.52173913043478
35 82.04347826086956
35 82.04347826086956
35 82.52173913043478
35 82.04347826086956
35 79.08333333333334
35 82.52173913043478
35 82.04347826086956
35 78.66666666666666
35 82.52173913043478
35 82.04347826086956
35 78.66666666666666
35 82.52173913043478
35 82.04347826086956
35 78.625
35 85.77272727272728
35 82.04347826086956
35 78.625
35 85.77272727272728
35 82.04347826086956
35 78.625
36 85.77272727272728
36 82.04347826086956
36 78.625
36 85.77272727272728
36 82.04347826086956
36 78.625
36 85.77272727272728
36 82.04347826086956
36 78.625
36 85.77272727272728
36 82.04347826086956
36 78.625
36 85.77272727272728
36 82.08695652173913
36 78.625
36 85.77272727272728
36 82.08695652173913
36 78.625
36 85.77272727272728
36 82.52173913043478
36 78.625
36 85.77272727272728
36 82.52173913043478
36 78.625
36 85.77272727272728
36 82.52173913043478
36 78.625
36 85.77272727272728
36 82.52173913043478
36 78.625
37 85.77272727272728
37 82.52173913043478
37 78.625
37 85.77272727272728
37 82.52173913043478
37 78.625
37 85.77272727272728
37 82.52173913043478
37 78.625
37 85.77272727272728
37 82.52173913043478
37 78.625
37 85.77272727272728
37 82.52173913043478
37 78.625
37 85.77272727272728
37 82.52173913043478
37 78.625
37 85.77272727272728
37 82.52173913043478
37 78.625
37 85.77272727272728
37 82.08695652173913
37 78.625
37 85.77272727272728
37 82.52173913043478
37 78.625
37 85.77272727272728
37 82.52173913043478
37 78.625
38 85.77272727272728
38 82.52173913043478
38 78.625
38 85.77272727272728
38 82.08695652173913
38 78.625
38 85.77272727272728
38 82.08695652173913
38 78.625
38 85.77272727272728
38 82.08695652173913
38 78.625
38 85.77272727272728
38 82.08695652173913
38 78.625
38 85.77272727272728
38 82.08695652173913
38 78.625
38 85.77272727272728
38 82.08695652173913
38 78.625
38 85.77272727272728
38 82.08695652173913
38 78.625
38 85.77272727272728
38 82.08695652173913
38 78.625
38 85.77272727272728
38 82.04347826086956
38 78.625
39 85.77272727272728
39 82.04347826086956
39 78.625
39 85.77272727272728
39 82.04347826086956
39 78.625
39 85.77272727272728
39 82.04347826086956
39 78.625
39 85.77272727272728
39 82.04347826086956
39 78.625
39 85.77272727272728
39 82.04347826086956
39 78.625
39 85.77272727272728
39 82.04347826086956
39 78.625
39 85.77272727272728
39 82.04347826086956
39 78.625
39 85.77272727272728
39 82.04347826086956
39 78.375
40 85.77272727272728
40 82.04347826086956
40 78.375
40 85.77272727272728
40 82.04347826086956
40 78.375
40 85.77272727272728
40 82.04347826086956
40 78.375
41 85.77272727272728
41 82.04347826086956
41 78.375
41 85.77272727272728
41 82.04347826086956
41 78.375
41 85.77272727272728
41 82.04347826086956
41 78.375
42 85.77272727272728
42 82.04347826086956
42 78.375
42 85.77272727272728
42 82.04347826086956
42 78.375
42 85.77272727272728
42 82.08695652173913
42 78.375
42 85.77272727272728
42 82.08695652173913
42 78.375
42 85.77272727272728
42 82.08695652173913
42 78.375
43 85.77272727272728
43 82.08695652173913
43 78.375
43 85.77272727272728
43 82.08695652173913
43 78.375
43 85.77272727272728
43 82.08695652173913
43 78.375
43 85.77272727272728
43 82.08695652173913
43 78.375
44 85.77272727272728
44 82.08695652173913
44 78.375
44 85.77272727272728
44 82.52173913043478
44 78.375
44 85.77272727272728
44 82.52173913043478
44 78.375
44 85.77272727272728
44 82.52173913043478
44 78.375
45 85.77272727272728
45 82.52173913043478
45 78.375
45 85.77272727272728
45 82.52173913043478
45 78.375
45 85.77272727272728
45 82.52173913043478
45 78.375
45 85.77272727272728
45 82.52173913043478
45 78.375
46 85.77272727272728
46 82.52173913043478
46 78.375
46 85.77272727272728
46 82.52173913043478
46 78.375
46 85.77272727272728
46 82.52173913043478
46 78.375
46 85.77272727272728
46 82.52173913043478
46 78.375
47 85.77272727272728
47 82.52173913043478
47 78.375
47 85.77272727272728
47 85.77272727272728
47 78.375
47 85.77272727272728
47 85.77272727272728
47 78.375
47 85.77272727272728
47 85.77272727272728
47 78.375
47 85.77272727272728
47 85.77272727272728
47 78.375
48 85.77272727272728
48 85.77272727272728
48 78.375
48 85.77272727272728
48 85.77272727272728
48 78.375
48 85.77272727272728
48 85.77272727272728
48 78.375
48 85.77272727272728
48 85.77272727272728
48 78.375
49 85.77272727272728
49 85.77272727272728
49 78.375
49 85.77272727272728
49 85.77272727272728
49 78.375
49 85.77272727272728
49 85.77272727272728
49 78.375
49 85.77272727272728
49 85.77272727272728
49 78.375
50 85.77272727272728
50 85.77272727272728
50 78.375
50 85.77272727272728
50 85.77272727272728
50 78.375
50 85.77272727272728
50 85.77272727272728
50 78.375
50 85.77272727272728
50 85.77272727272728
50 78.375
50 85.77272727272728
50 85.77272727272728
50 78.375
51 85.77272727272728
51 85.77272727272728
51 78.375
51 85.77272727272728
51 85.77272727272728
51 78.375
51 85.77272727272728
51 85.77272727272728
51 78.375
51 85.77272727272728
51 85.77272727272728
51 78.375
52 85.77272727272728
52 85.77272727272728
52 78.375
52 85.77272727272728
52 85.77272727272728
52 78.625
52 85.77272727272728
52 85.77272727272728
52 78.625
52 85.77272727272728
52 85.77272727272728
52 78.625
53 85.77272727272728
53 85.77272727272728
53 78.625
53 85.77272727272728
53 85.77272727272728
53 78.625
53 85.77272727272728
53 85.77272727272728
53 78.625
53 85.77272727272728
53 85.77272727272728
53 78.625
53 85.77272727272728
53 85.77272727272728
53 78.66666666666666
54 85.77272727272728
54 85.77272727272728
54 78.66666666666666
54 85.77272727272728
54 85.77272727272728
54 79.08333333333334
54 85.77272727272728
54 85.77272727272728
54 79.08333333333334
54 85.77272727272728
54 85.77272727272728
54 79.08333333333334
55 85.77272727272728
55 85.77272727272728
55 79.08333333333334
55 85.77272727272728
55 85.77272727272728
55 81.52173913043478
55 85.77272727272728
55 85.77272727272728
55 81.78260869565217
55 85.77272727272728
55 85.77272727272728
55 82.04347826086956
56 85.77272727272728
56 85.77272727272728
56 82.04347826086956
56 85.77272727272728
56 85.77272727272728
56 82.04347826086956
56 85.77272727272728
56 85.77272727272728
56 82.04347826086956
56 85.77272727272728
56 85.77272727272728
56 82.04347826086956
57 85.77272727272728
57 85.77272727272728
57 82.04347826086956
57 85.77272727272728
57 85.77272727272728
57 82.04347826086956
57 85.77272727272728
57 85.77272727272728
57 82.04347826086956
57 85.77272727272728
57 85.77272727272728
57 82.04347826086956
58 85.77272727272728
58 85.77272727272728
58 82.04347826086956
58 85.77272727272728
58 85.77272727272728
58 82.04347826086956
58 85.77272727272728
58 85.77272727272728
58 82.04347826086956
58 85.77272727272728
58 85.77272727272728
58 82.04347826086956
58 85.77272727272728
58 85.77272727272728
58 82.04347826086956
59 85.77272727272728
59 85.77272727272728
59 82.08695652173913
59 85.77272727272728
59 85.77272727272728
59 82.08695652173913
59 85.77272727272728
59 85.77272727272728
59 82.08695652173913
59 85.77272727272728
59 85.77272727272728
59 82.08695652173913
60 85.77272727272728
60 85.77272727272728
60 82.52173913043478
60 85.77272727272728
60 85.77272727272728
60 82.52173913043478
60 85.77272727272728
60 85.77272727272728
60 82.52173913043478
60 85.77272727272728
60 85.77272727272728
60 82.52173913043478
61 85.77272727272728
61 85.77272727272728
61 82.52173913043478
61 85.77272727272728
61 85.77272727272728
61 82.52173913043478
61 85.77272727272728
61 85.77272727272728
61 82.52173913043478
61 85.77272727272728
61 85.77272727272728
61 82.52173913043478
62 85.77272727272728
62 85.77272727272728
62 82.52173913043478
62 85.77272727272728
62 85.77272727272728
62 82.52173913043478
62 85.77272727272728
62 85.77272727272728
62 82.52173913043478
62 85.77272727272728
62 85.77272727272728
62 85.77272727272728
63 85.77272727272728
63 85.77272727272728
63 85.77272727272728
63 85.77272727272728
63 85.77272727272728
63 85.77272727272728
63 85.77272727272728
63 85.77272727272728
63 85.77272727272728
63 85.77272727272728
63 85.77272727272728
63 85.77272727272728
63 85.77272727272728
63 85.77272727272728
63 85.77272727272728
64 85.77272727272728
64 85.77272727272728
64 85.77272727272728
64 85.77272727272728
64 85.77272727272728
64 85.77272727272728
64 85.77272727272728
64 85.77272727272728
64 85.77272727272728
64 85.77272727272728
64 85.77272727272728
64 85.77272727272728
65 85.77272727272728
65 85.77272727272728
65 85.77272727272728
65 85.77272727272728
65 85.77272727272728
65 85.77272727272728
65 85.77272727272728
65 85.77272727272728
65 85.77272727272728
65 85.77272727272728
65 85.77272727272728
65 85.77272727272728
66 85.77272727272728
66 85.77272727272728
66 85.77272727272728
66 85.77272727272728
66 85.77272727272728
66 85.77272727272728
66 85.77272727272728
66 85.77272727272728
66 85.77272727272728
66 85.77272727272728
66 85.77272727272728
66 85.77272727272728
67 85.77272727272728
67 85.77272727272728
67 85.77272727272728
67 85.77272727272728
67 85.77272727272728
67 85.77272727272728
67 85.77272727272728
67 85.77272727272728
67 85.77272727272728
67 85.77272727272728
67 85.77272727272728
67 85.77272727272728
68 85.77272727272728
68 85.77272727272728
68 85.77272727272728
68 85.77272727272728
68 85.77272727272728
68 85.77272727272728
68 85.77272727272728
68 85.77272727272728
68 85.77272727272728
69 85.77272727272728
69 85.77272727272728
69 85.77272727272728
69 85.77272727272728
69 85.77272727272728
69 85.77272727272728
69 85.77272727272728
69 85.77272727272728
69 85.77272727272728
70 85.77272727272728
70 85.77272727272728
70 85.77272727272728
70 85.77272727272728
70 85.77272727272728
70 85.77272727272728
70 85.77272727272728
70 85.77272727272728
70 85.77272727272728
71 85.77272727272728
71 85.77272727272728
71 85.77272727272728
71 85.77272727272728
71 85.77272727272728
71 85.77272727272728
71 85.77272727272728
71 85.77272727272728
71 85.77272727272728
72 85.77272727272728
72 85.77272727272728
72 85.77272727272728
72 85.77272727272728
72 85.77272727272728
72 85.77272727272728
72 85.77272727272728
72 85.77272727272728
72 85.77272727272728
73 85.77272727272728
73 85.77272727272728
73 85.77272727272728
73 85.77272727272728
73 85.77272727272728
73 85.77272727272728
73 85.77272727272728
73 85.77272727272728
73 85.77272727272728
73 85.77272727272728
73 85.77272727272728
73 85.77272727272728
74 85.77272727272728
74 85.77272727272728
74 85.77272727272728
74 85.77272727272728
74 85.77272727272728
74 85.77272727272728
74 85.77272727272728
74 85.77272727272728
74 85.77272727272728
74 85.77272727272728
74 85.77272727272728
74 85.77272727272728
75 85.77272727272728
75 85.77272727272728
75 85.77272727272728
75 85.77272727272728
75 85.77272727272728
75 85.77272727272728
75 85.77272727272728
75 85.77272727272728
75 85.77272727272728
