34 16.448275862068964
34 14.90625
34 15.9
34 16.448275862068964
35 14.029411764705882
35 17.666666666666668
35 15.18421052631579
35 19.233333333333334
35 18.03125
35 16.970588235294116
35 13.464285714285714
35 13.962962962962964
36 14.5
36 12.566666666666666
36 15.708333333333334
36 16.391304347826086
36 15.08
36 13.0
36 13.464285714285714
36 17.035714285714285
36 13.464285714285714
36 13.464285714285714
37 15.9
37 15.9
37 15.9
37 15.387096774193548
37 15.9
37 17.035714285714285
37 15.9
37 18.03125
37 15.387096774193548
37 14.90625
38 15.9
38 15.9
38 15.387096774193548
38 16.448275862068964
38 17.035714285714285
38 14.90625
38 18.612903225806452
38 17.484848484848484
38 14.90625
38 14.029411764705882
39 12.891891891891891
39 16.485714285714284
39 16.970588235294116
39 16.970588235294116
39 16.02777777777778
39 18.03125
39 16.485714285714284
39 17.484848484848484
40 16.391304347826086
40 13.962962962962964
40 15.708333333333334
41 14.5
41 15.08
41 14.5
42 16.391304347826086
42 16.391304347826086
42 16.391304347826086
42 14.5
42 17.136363636363637
43 14.5
43 16.391304347826086
43 13.962962962962964
43 17.136363636363637
44 15.08
44 15.708333333333334
44 13.962962962962964
44 15.08
45 15.708333333333334
45 15.708333333333334
45 15.708333333333334
45 15.708333333333334
46 13.962962962962964
46 15.708333333333334
46 16.391304347826086
46 16.391304347826086
47 16.391304347826086
47 16.391304347826086
47 15.08
47 15.708333333333334
47 15.08
48 15.708333333333334
48 13.0
48 17.136363636363637
48 15.08
49 17.136363636363637
49 14.5
49 15.708333333333334
49 15.708333333333334
50 16.391304347826086
50 13.464285714285714
50 15.708333333333334
50 15.08
50 16.391304347826086
51 13.962962962962964
51 15.708333333333334
51 13.0
51 15.708333333333334
52 15.08
52 16.391304347826086
52 15.08
52 17.136363636363637
53 14.5
53 17.136363636363637
53 20.73913043478261
53 15.708333333333334
53 13.962962962962964
54 17.952380952380953
54 17.952380952380953
54 17.136363636363637
54 15.708333333333334
55 17.136363636363637
55 16.391304347826086
55 17.136363636363637
55 14.5
56 17.136363636363637
56 17.952380952380953
56 17.136363636363637
56 16.448275862068964
57 17.136363636363637
57 16.448275862068964
57 17.136363636363637
57 17.666666666666668
58 15.708333333333334
58 13.464285714285714
58 16.391304347826086
58 17.136363636363637
58 17.136363636363637
59 18.346153846153847
59 16.391304347826086
59 15.708333333333334
59 17.136363636363637
60 18.85
60 15.08
60 17.136363636363637
60 15.08
61 16.391304347826086
61 17.952380952380953
61 15.708333333333334
61 16.391304347826086
62 17.666666666666668
62 15.708333333333334
62 13.0
62 15.708333333333334
63 17.136363636363637
63 15.08
63 17.136363636363637
63 17.952380952380953
63 17.952380952380953
64 16.391304347826086
64 17.136363636363637
64 15.708333333333334
64 15.708333333333334
65 15.708333333333334
65 17.952380952380953
65 16.391304347826086
65 14.5
66 17.136363636363637
66 17.136363636363637
66 16.391304347826086
66 16.391304347826086
67 16.391304347826086
67 16.391304347826086
67 15.708333333333334
67 17.136363636363637
68 15.708333333333334
68 16.391304347826086
68 15.708333333333334
69 16.391304347826086
69 16.391304347826086
69 17.136363636363637
70 16.391304347826086
70 15.08
70 17.136363636363637
71 15.708333333333334
71 17.952380952380953
71 17.136363636363637
72 16.391304347826086
72 17.952380952380953
72 15.08
73 17.136363636363637
73 16.391304347826086
73 15.708333333333334
73 16.391304347826086
74 17.136363636363637
74 17.136363636363637
74 16.391304347826086
74 17.136363636363637
75 17.952380952380953
75 17.952380952380953
75 17.136363636363637
