63
31 43 1
31 43 1
31 43 1
31 43 1
30 41 1
30 41 1
29 39 1
29 39 1
29 39 1
29 39 1
28 38 1
28 38 1
28 38 1
28 38 1
28 38 1
27 37 1
27 37 1
27 37 1
26 36 1
26 36 1
26 36 1
26 36 1
25 35 1
25 35 1
25 35 1
24 34 1
24 34 1
24 34 1
24 34 1
33 23 1
33 23 1
33 23 1
33 23 1
22 32 1
22 32 1
22 32 1
31 21 1
31 21 1
31 21 1
29 18 1
29 18 1
29 18 1
17 27 1
17 27 1
15 24 1
15 24 1
16 25 1
16 25 1
16 25 1
16 25 1
15 24 1
23 14 1
23 14 1
23 14 1
23 14 1
21 12 1
21 12 1
21 12 1
19 11 1
19 11 1
19 11 1
19 11 1
9 17 1