1 23
2 23
3 23
4 23
5 23
6 23
7 24
8 24
9 24
10 24
11 22
12 22
13 22
14 22
15 22
16 22
17 22
18 22
19 22
20 23
21 22
22 22
23 23
24 23
25 23
26 23
27 23
28 23
29 23
30 24
31 23
32 23
33 23
34 23
35 23
36 23
37 23
38 23
39 24
40 24
41 23
42 23
43 23
44 24
45 24
46 24
47 24
48 24
49 24
50 24
51 22
52 22
53 22
54 22
55 22
56 22
57 22
58 22
59 22
60 22
61 22
62 22
63 22
64 22
65 22
66 22
67 22
68 22
69 22
70 22
71 22
72 22
73 22
74 22
75 22
76 22
77 22
78 22
79 22
80 22
81 22
82 22
83 22
84 22
85 22
86 22
87 22
88 22
89 22
90 22
91 22
92 22
93 22
94 22
95 22
96 22
97 22
98 22
99 22
100 22
101 22
102 22
103 22
104 22
105 22
106 23
107 22
108 22
109 22
110 22
111 22
112 22
113 22
114 22
115 22
116 22
117 22
118 22
119 22
120 23
121 22
122 23
123 22
124 23
125 22
126 22
127 22
128 22
129 22
130 23
131 22
132 22
133 22
134 22
135 22
136 22
137 22
138 22
139 22
140 22
141 22
142 23
143 22
144 22
145 22
146 22
147 22
148 22
149 22
150 22
151 22
152 22
153 22
154 22
155 22
156 22
157 22
158 22
159 22
160 22
161 22
162 22
163 22
164 22
165 22
166 22
167 22
168 22
169 22
170 22
171 22
172 22
173 22
174 22
175 22
176 22
177 22
178 22
179 22
180 22
181 22
182 22
183 22
184 22
185 22
186 22
187 22
188 22
189 22
190 22
191 22
192 22
