34 477.0
34 477.0
34 477.0
34 477.0
35 477.0
35 477.0
35 577.0
35 577.0
35 577.0
35 577.0
35 377.0
35 377.0
36 377.0
36 377.0
36 377.0
36 377.0
36 377.0
36 377.0
36 377.0
36 477.0
36 377.0
36 377.0
37 477.0
37 477.0
37 477.0
37 477.0
37 477.0
37 477.0
37 477.0
37 577.0
37 477.0
37 477.0
38 477.0
38 477.0
38 477.0
38 477.0
38 477.0
38 477.0
38 577.0
38 577.0
38 477.0
38 477.0
39 477.0
39 577.0
39 577.0
39 577.0
39 577.0
39 577.0
39 577.0
39 577.0
40 377.0
40 377.0
40 377.0
41 377.0
41 377.0
41 377.0
42 377.0
42 377.0
42 377.0
42 377.0
42 377.0
43 377.0
43 377.0
43 377.0
43 377.0
44 377.0
44 377.0
44 377.0
44 377.0
45 377.0
45 377.0
45 377.0
45 377.0
46 377.0
46 377.0
46 377.0
46 377.0
47 377.0
47 377.0
47 377.0
47 377.0
47 377.0
48 377.0
48 377.0
48 377.0
48 377.0
49 377.0
49 377.0
49 377.0
49 377.0
50 377.0
50 377.0
50 377.0
50 377.0
50 377.0
51 377.0
51 377.0
51 377.0
51 377.0
52 377.0
52 377.0
52 377.0
52 377.0
53 377.0
53 377.0
53 477.0
53 377.0
53 377.0
54 377.0
54 377.0
54 377.0
54 377.0
55 377.0
55 377.0
55 377.0
55 377.0
56 377.0
56 377.0
56 377.0
56 477.0
57 377.0
57 477.0
57 377.0
57 477.0
58 377.0
58 377.0
58 377.0
58 377.0
58 377.0
59 477.0
59 377.0
59 377.0
59 377.0
60 377.0
60 377.0
60 377.0
60 377.0
61 377.0
61 377.0
61 377.0
61 377.0
62 477.0
62 377.0
62 377.0
62 377.0
63 377.0
63 377.0
63 377.0
63 377.0
63 377.0
64 377.0
64 377.0
64 377.0
64 377.0
65 377.0
65 377.0
65 377.0
65 377.0
66 377.0
66 377.0
66 377.0
66 377.0
67 377.0
67 377.0
67 377.0
67 377.0
68 377.0
68 377.0
68 377.0
69 377.0
69 377.0
69 377.0
70 377.0
70 377.0
70 377.0
71 377.0
71 377.0
71 377.0
72 377.0
72 377.0
72 377.0
73 377.0
73 377.0
73 377.0
73 377.0
74 377.0
74 377.0
74 377.0
74 377.0
75 377.0
75 377.0
75 377.0
