34 82.52173913043478
34 82.08695652173913
34 82.04347826086956
34 82.04347826086956
35 82.04347826086956
35 82.04347826086956
35 79.08333333333334
35 78.66666666666666
35 78.66666666666666
35 78.625
35 85.77272727272728
35 85.77272727272728
36 85.77272727272728
36 85.77272727272728
36 85.77272727272728
36 85.77272727272728
36 85.77272727272728
36 85.77272727272728
36 85.77272727272728
36 82.52173913043478
36 85.77272727272728
36 85.77272727272728
37 82.52173913043478
37 82.52173913043478
37 82.08695652173913
37 82.08695652173913
37 82.04347826086956
37 82.04347826086956
37 82.04347826086956
37 79.08333333333334
37 82.52173913043478
37 82.52173913043478
38 82.08695652173913
38 82.04347826086956
38 82.04347826086956
38 82.04347826086956
38 82.04347826086956
38 82.04347826086956
38 79.08333333333334
38 78.625
38 82.04347826086956
38 81.78260869565217
39 81.52173913043478
39 79.08333333333334
39 78.625
39 78.625
39 78.625
39 78.625
39 78.625
39 78.375
40 85.77272727272728
40 85.77272727272728
40 85.77272727272728
41 85.77272727272728
41 85.77272727272728
41 85.77272727272728
42 85.77272727272728
42 85.77272727272728
42 85.77272727272728
42 85.77272727272728
42 85.77272727272728
43 85.77272727272728
43 85.77272727272728
43 85.77272727272728
43 85.77272727272728
44 85.77272727272728
44 85.77272727272728
44 85.77272727272728
44 85.77272727272728
45 85.77272727272728
45 85.77272727272728
45 85.77272727272728
45 85.77272727272728
46 85.77272727272728
46 85.77272727272728
46 85.77272727272728
46 85.77272727272728
47 85.77272727272728
47 85.77272727272728
47 85.77272727272728
47 85.77272727272728
47 85.77272727272728
48 85.77272727272728
48 85.77272727272728
48 85.77272727272728
48 85.77272727272728
49 85.77272727272728
49 85.77272727272728
49 85.77272727272728
49 85.77272727272728
50 85.77272727272728
50 85.77272727272728
50 85.77272727272728
50 85.77272727272728
50 85.77272727272728
51 85.77272727272728
51 85.77272727272728
51 85.77272727272728
51 85.77272727272728
52 85.77272727272728
52 85.77272727272728
52 85.77272727272728
52 85.77272727272728
53 85.77272727272728
53 85.77272727272728
53 82.52173913043478
53 85.77272727272728
53 85.77272727272728
54 85.77272727272728
54 85.77272727272728
54 85.77272727272728
54 85.77272727272728
55 85.77272727272728
55 85.77272727272728
55 85.77272727272728
55 85.77272727272728
56 85.77272727272728
56 85.77272727272728
56 85.77272727272728
56 82.52173913043478
57 85.77272727272728
57 82.04347826086956
57 85.77272727272728
57 82.52173913043478
58 85.77272727272728
58 85.77272727272728
58 85.77272727272728
58 85.77272727272728
58 85.77272727272728
59 82.52173913043478
59 85.77272727272728
59 85.77272727272728
59 85.77272727272728
60 85.77272727272728
60 85.77272727272728
60 85.77272727272728
60 85.77272727272728
61 85.77272727272728
61 85.77272727272728
61 85.77272727272728
61 85.77272727272728
62 82.52173913043478
62 85.77272727272728
62 85.77272727272728
62 85.77272727272728
63 85.77272727272728
63 85.77272727272728
63 85.77272727272728
63 85.77272727272728
63 85.77272727272728
64 85.77272727272728
64 85.77272727272728
64 85.77272727272728
64 85.77272727272728
65 85.77272727272728
65 85.77272727272728
65 85.77272727272728
65 85.77272727272728
66 85.77272727272728
66 85.77272727272728
66 85.77272727272728
66 85.77272727272728
67 85.77272727272728
67 85.77272727272728
67 85.77272727272728
67 85.77272727272728
68 85.77272727272728
68 85.77272727272728
68 85.77272727272728
69 85.77272727272728
69 85.77272727272728
69 85.77272727272728
70 85.77272727272728
70 85.77272727272728
70 85.77272727272728
71 85.77272727272728
71 85.77272727272728
71 85.77272727272728
72 85.77272727272728
72 85.77272727272728
72 85.77272727272728
73 85.77272727272728
73 85.77272727272728
73 85.77272727272728
73 85.77272727272728
74 85.77272727272728
74 85.77272727272728
74 85.77272727272728
74 85.77272727272728
75 85.77272727272728
75 85.77272727272728
75 85.77272727272728
