34 79.26086956521739
34 79.26086956521739
34 79.26086956521739
34 79.26086956521739
35 79.26086956521739
35 79.26086956521739
35 75.95833333333334
35 75.95833333333334
35 75.95833333333334
35 75.95833333333334
35 82.86363636363636
35 82.86363636363636
36 82.86363636363636
36 82.86363636363636
36 82.86363636363636
36 82.86363636363636
36 82.86363636363636
36 82.86363636363636
36 82.86363636363636
36 79.26086956521739
36 82.86363636363636
36 82.86363636363636
37 79.26086956521739
37 79.26086956521739
37 79.26086956521739
37 79.26086956521739
37 79.26086956521739
37 79.26086956521739
37 79.26086956521739
37 75.95833333333334
37 79.26086956521739
37 79.26086956521739
38 79.26086956521739
38 79.26086956521739
38 79.26086956521739
38 79.26086956521739
38 79.26086956521739
38 79.26086956521739
38 75.95833333333334
38 75.95833333333334
38 79.26086956521739
38 79.26086956521739
39 79.26086956521739
39 75.95833333333334
39 75.95833333333334
39 75.95833333333334
39 75.95833333333334
39 75.95833333333334
39 75.95833333333334
39 75.95833333333334
40 82.86363636363636
40 82.86363636363636
40 82.86363636363636
41 82.86363636363636
41 82.86363636363636
41 82.86363636363636
42 82.86363636363636
42 82.86363636363636
42 82.86363636363636
42 82.86363636363636
42 82.86363636363636
43 82.86363636363636
43 82.86363636363636
43 82.86363636363636
43 82.86363636363636
44 82.86363636363636
44 82.86363636363636
44 82.86363636363636
44 82.86363636363636
45 82.86363636363636
45 82.86363636363636
45 82.86363636363636
45 82.86363636363636
46 82.86363636363636
46 82.86363636363636
46 82.86363636363636
46 82.86363636363636
47 82.86363636363636
47 82.86363636363636
47 82.86363636363636
47 82.86363636363636
47 82.86363636363636
48 82.86363636363636
48 82.86363636363636
48 82.86363636363636
48 82.86363636363636
49 82.86363636363636
49 82.86363636363636
49 82.86363636363636
49 82.86363636363636
50 82.86363636363636
50 82.86363636363636
50 82.86363636363636
50 82.86363636363636
50 82.86363636363636
51 82.86363636363636
51 82.86363636363636
51 82.86363636363636
51 82.86363636363636
52 82.86363636363636
52 82.86363636363636
52 82.86363636363636
52 82.86363636363636
53 82.86363636363636
53 82.86363636363636
53 79.26086956521739
53 82.86363636363636
53 82.86363636363636
54 82.86363636363636
54 82.86363636363636
54 82.86363636363636
54 82.86363636363636
55 82.86363636363636
55 82.86363636363636
55 82.86363636363636
55 82.86363636363636
56 82.86363636363636
56 82.86363636363636
56 82.86363636363636
56 79.26086956521739
57 82.86363636363636
57 79.26086956521739
57 82.86363636363636
57 79.26086956521739
58 82.86363636363636
58 82.86363636363636
58 82.86363636363636
58 82.86363636363636
58 82.86363636363636
59 79.26086956521739
59 82.86363636363636
59 82.86363636363636
59 82.86363636363636
60 82.86363636363636
60 82.86363636363636
60 82.86363636363636
60 82.86363636363636
61 82.86363636363636
61 82.86363636363636
61 82.86363636363636
61 82.86363636363636
62 79.26086956521739
62 82.86363636363636
62 82.86363636363636
62 82.86363636363636
63 82.86363636363636
63 82.86363636363636
63 82.86363636363636
63 82.86363636363636
63 82.86363636363636
64 82.86363636363636
64 82.86363636363636
64 82.86363636363636
64 82.86363636363636
65 82.86363636363636
65 82.86363636363636
65 82.86363636363636
65 82.86363636363636
66 82.86363636363636
66 82.86363636363636
66 82.86363636363636
66 82.86363636363636
67 82.86363636363636
67 82.86363636363636
67 82.86363636363636
67 82.86363636363636
68 82.86363636363636
68 82.86363636363636
68 82.86363636363636
69 82.86363636363636
69 82.86363636363636
69 82.86363636363636
70 82.86363636363636
70 82.86363636363636
70 82.86363636363636
71 82.86363636363636
71 82.86363636363636
71 82.86363636363636
72 82.86363636363636
72 82.86363636363636
72 82.86363636363636
73 82.86363636363636
73 82.86363636363636
73 82.86363636363636
73 82.86363636363636
74 82.86363636363636
74 82.86363636363636
74 82.86363636363636
74 82.86363636363636
75 82.86363636363636
75 82.86363636363636
75 82.86363636363636
