34 79.26086956521739 82.52173913043478 16.448275862068964 477.0 23 66 GRASP_2D_CONSTRUTIVO 1
34 79.26086956521739 82.08695652173913 14.90625 477.0 23 70 GRASP_2D_CONSTRUTIVO 2
34 79.26086956521739 82.04347826086956 15.9 477.0 23 67 GRASP_2D_CONSTRUTIVO 3
34 79.26086956521739 82.04347826086956 16.448275862068964 477.0 23 66 GRASP_2D_CONSTRUTIVO 4
35 79.26086956521739 82.04347826086956 14.029411764705882 477.0 23 71 GRASP_2D_CONSTRUTIVO 5
35 79.26086956521739 82.04347826086956 17.666666666666668 477.0 23 64 GRASP_2D_CONSTRUTIVO 6
35 75.95833333333334 79.08333333333334 15.18421052631579 577.0 24 74 GRASP_2D_CONSTRUTIVO 7
35 75.95833333333334 78.66666666666666 19.233333333333334 577.0 24 66 GRASP_2D_CONSTRUTIVO 8
35 75.95833333333334 78.66666666666666 18.03125 577.0 24 69 GRASP_2D_CONSTRUTIVO 9
35 75.95833333333334 78.625 16.970588235294116 577.0 24 70 GRASP_2D_CONSTRUTIVO 10
35 82.86363636363636 85.77272727272728 13.464285714285714 377.0 22 66 GRASP_2D_CONSTRUTIVO 11
35 82.86363636363636 85.77272727272728 13.962962962962964 377.0 22 65 GRASP_2D_CONSTRUTIVO 12
36 82.86363636363636 85.77272727272728 14.5 377.0 22 65 GRASP_2D_CONSTRUTIVO 13
36 82.86363636363636 85.77272727272728 12.566666666666666 377.0 22 68 GRASP_2D_CONSTRUTIVO 14
36 82.86363636363636 85.77272727272728 15.708333333333334 377.0 22 64 GRASP_2D_CONSTRUTIVO 15
36 82.86363636363636 85.77272727272728 16.391304347826086 377.0 22 61 GRASP_2D_CONSTRUTIVO 16
36 82.86363636363636 85.77272727272728 15.08 377.0 22 63 GRASP_2D_CONSTRUTIVO 17
36 82.86363636363636 85.77272727272728 13.0 377.0 22 68 GRASP_2D_CONSTRUTIVO 18
36 82.86363636363636 85.77272727272728 13.464285714285714 377.0 22 67 GRASP_2D_CONSTRUTIVO 19
36 79.26086956521739 82.52173913043478 17.035714285714285 477.0 23 65 GRASP_2D_CONSTRUTIVO 20
36 82.86363636363636 85.77272727272728 13.464285714285714 377.0 22 66 GRASP_2D_CONSTRUTIVO 21
36 82.86363636363636 85.77272727272728 13.464285714285714 377.0 22 66 GRASP_2D_CONSTRUTIVO 22
37 79.26086956521739 82.52173913043478 15.9 477.0 23 68 GRASP_2D_CONSTRUTIVO 23
37 79.26086956521739 82.52173913043478 15.9 477.0 23 67 GRASP_2D_CONSTRUTIVO 24
37 79.26086956521739 82.08695652173913 15.9 477.0 23 69 GRASP_2D_CONSTRUTIVO 25
37 79.26086956521739 82.08695652173913 15.387096774193548 477.0 23 69 GRASP_2D_CONSTRUTIVO 26
37 79.26086956521739 82.04347826086956 15.9 477.0 23 68 GRASP_2D_CONSTRUTIVO 27
37 79.26086956521739 82.04347826086956 17.035714285714285 477.0 23 65 GRASP_2D_CONSTRUTIVO 28
37 79.26086956521739 82.04347826086956 15.9 477.0 23 67 GRASP_2D_CONSTRUTIVO 29
37 75.95833333333334 79.08333333333334 18.03125 577.0 24 68 GRASP_2D_CONSTRUTIVO 30
37 79.26086956521739 82.52173913043478 15.387096774193548 477.0 23 68 GRASP_2D_CONSTRUTIVO 31
37 79.26086956521739 82.52173913043478 14.90625 477.0 23 69 GRASP_2D_CONSTRUTIVO 32
38 79.26086956521739 82.08695652173913 15.9 477.0 23 67 GRASP_2D_CONSTRUTIVO 33
38 79.26086956521739 82.04347826086956 15.9 477.0 23 68 GRASP_2D_CONSTRUTIVO 34
38 79.26086956521739 82.04347826086956 15.387096774193548 477.0 23 68 GRASP_2D_CONSTRUTIVO 35
38 79.26086956521739 82.04347826086956 16.448275862068964 477.0 23 68 GRASP_2D_CONSTRUTIVO 36
38 79.26086956521739 82.04347826086956 17.035714285714285 477.0 23 68 GRASP_2D_CONSTRUTIVO 37
38 79.26086956521739 82.04347826086956 14.90625 477.0 23 70 GRASP_2D_CONSTRUTIVO 38
38 75.95833333333334 79.08333333333334 18.612903225806452 577.0 24 67 GRASP_2D_CONSTRUTIVO 39
38 75.95833333333334 78.625 17.484848484848484 577.0 24 70 GRASP_2D_CONSTRUTIVO 40
38 79.26086956521739 82.04347826086956 14.90625 477.0 23 69 GRASP_2D_CONSTRUTIVO 41
38 79.26086956521739 81.78260869565217 14.029411764705882 477.0 23 71 GRASP_2D_CONSTRUTIVO 42
39 79.26086956521739 81.52173913043478 12.891891891891891 477.0 23 74 GRASP_2D_CONSTRUTIVO 43
39 75.95833333333334 79.08333333333334 16.485714285714284 577.0 24 71 GRASP_2D_CONSTRUTIVO 44
39 75.95833333333334 78.625 16.970588235294116 577.0 24 70 GRASP_2D_CONSTRUTIVO 45
39 75.95833333333334 78.625 16.970588235294116 577.0 24 70 GRASP_2D_CONSTRUTIVO 46
39 75.95833333333334 78.625 16.02777777777778 577.0 24 72 GRASP_2D_CONSTRUTIVO 47
39 75.95833333333334 78.625 18.03125 577.0 24 68 GRASP_2D_CONSTRUTIVO 48
39 75.95833333333334 78.625 16.485714285714284 577.0 24 71 GRASP_2D_CONSTRUTIVO 49
39 75.95833333333334 78.375 17.484848484848484 577.0 24 69 GRASP_2D_CONSTRUTIVO 50
40 82.86363636363636 85.77272727272728 16.391304347826086 377.0 22 61 Grasp2d_Melhoria 51
40 82.86363636363636 85.77272727272728 13.962962962962964 377.0 22 65 Grasp2d_Melhoria 52
40 82.86363636363636 85.77272727272728 15.708333333333334 377.0 22 62 Grasp2d_Melhoria 53
41 82.86363636363636 85.77272727272728 14.5 377.0 22 64 Grasp2d_Melhoria 54
41 82.86363636363636 85.77272727272728 15.08 377.0 22 63 Grasp2d_Melhoria 55
41 82.86363636363636 85.77272727272728 14.5 377.0 22 64 Grasp2d_Melhoria 56
42 82.86363636363636 85.77272727272728 16.391304347826086 377.0 22 62 Grasp2d_Melhoria 57
42 82.86363636363636 85.77272727272728 16.391304347826086 377.0 22 61 Grasp2d_Melhoria 58
42 82.86363636363636 85.77272727272728 16.391304347826086 377.0 22 61 Grasp2d_Melhoria 59
42 82.86363636363636 85.77272727272728 14.5 377.0 22 64 Grasp2d_Melhoria 60
42 82.86363636363636 85.77272727272728 17.136363636363637 377.0 22 60 Grasp2d_Melhoria 61
43 82.86363636363636 85.77272727272728 14.5 377.0 22 64 Grasp2d_Melhoria 62
43 82.86363636363636 85.77272727272728 16.391304347826086 377.0 22 61 Grasp2d_Melhoria 63
43 82.86363636363636 85.77272727272728 13.962962962962964 377.0 22 67 Grasp2d_Melhoria 64
43 82.86363636363636 85.77272727272728 17.136363636363637 377.0 22 60 Grasp2d_Melhoria 65
44 82.86363636363636 85.77272727272728 15.08 377.0 22 63 Grasp2d_Melhoria 66
44 82.86363636363636 85.77272727272728 15.708333333333334 377.0 22 62 Grasp2d_Melhoria 67
44 82.86363636363636 85.77272727272728 13.962962962962964 377.0 22 66 Grasp2d_Melhoria 68
44 82.86363636363636 85.77272727272728 15.08 377.0 22 63 Grasp2d_Melhoria 69
45 82.86363636363636 85.77272727272728 15.708333333333334 377.0 22 63 Grasp2d_Melhoria 70
45 82.86363636363636 85.77272727272728 15.708333333333334 377.0 22 62 Grasp2d_Melhoria 71
45 82.86363636363636 85.77272727272728 15.708333333333334 377.0 22 62 Grasp2d_Melhoria 72
45 82.86363636363636 85.77272727272728 15.708333333333334 377.0 22 62 Grasp2d_Melhoria 73
46 82.86363636363636 85.77272727272728 13.962962962962964 377.0 22 65 Grasp2d_Melhoria 74
46 82.86363636363636 85.77272727272728 15.708333333333334 377.0 22 62 Grasp2d_Melhoria 75
46 82.86363636363636 85.77272727272728 16.391304347826086 377.0 22 62 Grasp2d_Melhoria 76
46 82.86363636363636 85.77272727272728 16.391304347826086 377.0 22 61 Grasp2d_Melhoria 77
47 82.86363636363636 85.77272727272728 16.391304347826086 377.0 22 61 Grasp2d_Melhoria 78
47 82.86363636363636 85.77272727272728 16.391304347826086 377.0 22 61 Grasp2d_Melhoria 79
47 82.86363636363636 85.77272727272728 15.08 377.0 22 64 Grasp2d_Melhoria 80
47 82.86363636363636 85.77272727272728 15.708333333333334 377.0 22 62 Grasp2d_Melhoria 81
47 82.86363636363636 85.77272727272728 15.08 377.0 22 64 Grasp2d_Melhoria 82
48 82.86363636363636 85.77272727272728 15.708333333333334 377.0 22 62 Grasp2d_Melhoria 83
48 82.86363636363636 85.77272727272728 13.0 377.0 22 67 Grasp2d_Melhoria 84
48 82.86363636363636 85.77272727272728 17.136363636363637 377.0 22 60 Grasp2d_Melhoria 85
48 82.86363636363636 85.77272727272728 15.08 377.0 22 63 Grasp2d_Melhoria 86
49 82.86363636363636 85.77272727272728 17.136363636363637 377.0 22 60 Grasp2d_Melhoria 87
49 82.86363636363636 85.77272727272728 14.5 377.0 22 64 Grasp2d_Melhoria 88
49 82.86363636363636 85.77272727272728 15.708333333333334 377.0 22 62 Grasp2d_Melhoria 89
49 82.86363636363636 85.77272727272728 15.708333333333334 377.0 22 62 Grasp2d_Melhoria 90
50 82.86363636363636 85.77272727272728 16.391304347826086 377.0 22 61 Grasp2d_Melhoria 91
50 82.86363636363636 85.77272727272728 13.464285714285714 377.0 22 66 Grasp2d_Melhoria 92
50 82.86363636363636 85.77272727272728 15.708333333333334 377.0 22 62 Grasp2d_Melhoria 93
50 82.86363636363636 85.77272727272728 15.08 377.0 22 63 Grasp2d_Melhoria 94
50 82.86363636363636 85.77272727272728 16.391304347826086 377.0 22 61 Grasp2d_Melhoria 95
51 82.86363636363636 85.77272727272728 13.962962962962964 377.0 22 65 Grasp2d_Melhoria 96
51 82.86363636363636 85.77272727272728 15.708333333333334 377.0 22 62 Grasp2d_Melhoria 97
51 82.86363636363636 85.77272727272728 13.0 377.0 22 67 Grasp2d_Melhoria 98
51 82.86363636363636 85.77272727272728 15.708333333333334 377.0 22 62 Grasp2d_Melhoria 99
52 82.86363636363636 85.77272727272728 15.08 377.0 22 63 Grasp2d_Melhoria 100
52 82.86363636363636 85.77272727272728 16.391304347826086 377.0 22 62 Grasp2d_Melhoria 101
52 82.86363636363636 85.77272727272728 15.08 377.0 22 66 Grasp2d_Melhoria 102
52 82.86363636363636 85.77272727272728 17.136363636363637 377.0 22 60 Grasp2d_Melhoria 103
53 82.86363636363636 85.77272727272728 14.5 377.0 22 64 Grasp2d_Melhoria 104
53 82.86363636363636 85.77272727272728 17.136363636363637 377.0 22 60 Grasp2d_Melhoria 105
53 79.26086956521739 82.52173913043478 20.73913043478261 477.0 23 60 Grasp2d_Melhoria 106
53 82.86363636363636 85.77272727272728 15.708333333333334 377.0 22 62 Grasp2d_Melhoria 107
53 82.86363636363636 85.77272727272728 13.962962962962964 377.0 22 65 Grasp2d_Melhoria 108
54 82.86363636363636 85.77272727272728 17.952380952380953 377.0 22 59 Grasp2d_Melhoria 109
54 82.86363636363636 85.77272727272728 17.952380952380953 377.0 22 59 Grasp2d_Melhoria 110
54 82.86363636363636 85.77272727272728 17.136363636363637 377.0 22 60 Grasp2d_Melhoria 111
54 82.86363636363636 85.77272727272728 15.708333333333334 377.0 22 62 Grasp2d_Melhoria 112
55 82.86363636363636 85.77272727272728 17.136363636363637 377.0 22 60 Grasp2d_Melhoria 113
55 82.86363636363636 85.77272727272728 16.391304347826086 377.0 22 61 Grasp2d_Melhoria 114
55 82.86363636363636 85.77272727272728 17.136363636363637 377.0 22 61 Grasp2d_Melhoria 115
55 82.86363636363636 85.77272727272728 14.5 377.0 22 65 Grasp2d_Melhoria 116
56 82.86363636363636 85.77272727272728 17.136363636363637 377.0 22 60 Grasp2d_Melhoria 117
56 82.86363636363636 85.77272727272728 17.952380952380953 377.0 22 60 Grasp2d_Melhoria 118
56 82.86363636363636 85.77272727272728 17.136363636363637 377.0 22 60 Grasp2d_Melhoria 119
56 79.26086956521739 82.52173913043478 16.448275862068964 477.0 23 67 Grasp2d_Melhoria 120
57 82.86363636363636 85.77272727272728 17.136363636363637 377.0 22 62 Grasp2d_Melhoria 121
57 79.26086956521739 82.04347826086956 16.448275862068964 477.0 23 66 Grasp2d_Melhoria 122
57 82.86363636363636 85.77272727272728 17.136363636363637 377.0 22 60 Grasp2d_Melhoria 123
57 79.26086956521739 82.52173913043478 17.666666666666668 477.0 23 64 Grasp2d_Melhoria 124
58 82.86363636363636 85.77272727272728 15.708333333333334 377.0 22 62 Grasp2d_Melhoria 125
58 82.86363636363636 85.77272727272728 13.464285714285714 377.0 22 67 Grasp2d_Melhoria 126
58 82.86363636363636 85.77272727272728 16.391304347826086 377.0 22 62 Grasp2d_Melhoria 127
58 82.86363636363636 85.77272727272728 17.136363636363637 377.0 22 60 Grasp2d_Melhoria 128
58 82.86363636363636 85.77272727272728 17.136363636363637 377.0 22 60 Grasp2d_Melhoria 129
59 79.26086956521739 82.52173913043478 18.346153846153847 477.0 23 63 Grasp2d_Melhoria 130
59 82.86363636363636 85.77272727272728 16.391304347826086 377.0 22 61 Grasp2d_Melhoria 131
59 82.86363636363636 85.77272727272728 15.708333333333334 377.0 22 63 Grasp2d_Melhoria 132
59 82.86363636363636 85.77272727272728 17.136363636363637 377.0 22 61 Grasp2d_Melhoria 133
60 82.86363636363636 85.77272727272728 18.85 377.0 22 58 Grasp2d_Melhoria 134
60 82.86363636363636 85.77272727272728 15.08 377.0 22 63 Grasp2d_Melhoria 135
60 82.86363636363636 85.77272727272728 17.136363636363637 377.0 22 60 Grasp2d_Melhoria 136
60 82.86363636363636 85.77272727272728 15.08 377.0 22 63 Grasp2d_Melhoria 137
61 82.86363636363636 85.77272727272728 16.391304347826086 377.0 22 61 Grasp2d_Melhoria 138
61 82.86363636363636 85.77272727272728 17.952380952380953 377.0 22 59 Grasp2d_Melhoria 139
61 82.86363636363636 85.77272727272728 15.708333333333334 377.0 22 63 Grasp2d_Melhoria 140
61 82.86363636363636 85.77272727272728 16.391304347826086 377.0 22 61 Grasp2d_Melhoria 141
62 79.26086956521739 82.52173913043478 17.666666666666668 477.0 23 64 Grasp2d_Melhoria 142
62 82.86363636363636 85.77272727272728 15.708333333333334 377.0 22 62 Grasp2d_Melhoria 143
62 82.86363636363636 85.77272727272728 13.0 377.0 22 67 Grasp2d_Melhoria 144
62 82.86363636363636 85.77272727272728 15.708333333333334 377.0 22 62 Grasp2d_Melhoria 145
63 82.86363636363636 85.77272727272728 17.136363636363637 377.0 22 61 Grasp2d_Melhoria 146
63 82.86363636363636 85.77272727272728 15.08 377.0 22 63 Grasp2d_Melhoria 147
63 82.86363636363636 85.77272727272728 17.136363636363637 377.0 22 60 Grasp2d_Melhoria 148
63 82.86363636363636 85.77272727272728 17.952380952380953 377.0 22 59 Grasp2d_Melhoria 149
63 82.86363636363636 85.77272727272728 17.952380952380953 377.0 22 59 Grasp2d_Melhoria 150
64 82.86363636363636 85.77272727272728 16.391304347826086 377.0 22 62 Grasp2d_Melhoria 151
64 82.86363636363636 85.77272727272728 17.136363636363637 377.0 22 60 Grasp2d_Melhoria 152
64 82.86363636363636 85.77272727272728 15.708333333333334 377.0 22 62 Grasp2d_Melhoria 153
64 82.86363636363636 85.77272727272728 15.708333333333334 377.0 22 62 Grasp2d_Melhoria 154
65 82.86363636363636 85.77272727272728 15.708333333333334 377.0 22 62 Grasp2d_Melhoria 155
65 82.86363636363636 85.77272727272728 17.952380952380953 377.0 22 59 Grasp2d_Melhoria 156
65 82.86363636363636 85.77272727272728 16.391304347826086 377.0 22 61 Grasp2d_Melhoria 157
65 82.86363636363636 85.77272727272728 14.5 377.0 22 64 Grasp2d_Melhoria 158
66 82.86363636363636 85.77272727272728 17.136363636363637 377.0 22 60 Grasp2d_Melhoria 159
66 82.86363636363636 85.77272727272728 17.136363636363637 377.0 22 60 Grasp2d_Melhoria 160
66 82.86363636363636 85.77272727272728 16.391304347826086 377.0 22 61 Grasp2d_Melhoria 161
66 82.86363636363636 85.77272727272728 16.391304347826086 377.0 22 61 Grasp2d_Melhoria 162
67 82.86363636363636 85.77272727272728 16.391304347826086 377.0 22 61 Grasp2d_Melhoria 163
67 82.86363636363636 85.77272727272728 16.391304347826086 377.0 22 61 Grasp2d_Melhoria 164
67 82.86363636363636 85.77272727272728 15.708333333333334 377.0 22 62 Grasp2d_Melhoria 165
67 82.86363636363636 85.77272727272728 17.136363636363637 377.0 22 60 Grasp2d_Melhoria 166
68 82.86363636363636 85.77272727272728 15.708333333333334 377.0 22 62 Grasp2d_Melhoria 167
68 82.86363636363636 85.77272727272728 16.391304347826086 377.0 22 62 Grasp2d_Melhoria 168
68 82.86363636363636 85.77272727272728 15.708333333333334 377.0 22 62 Grasp2d_Melhoria 169
69 82.86363636363636 85.77272727272728 16.391304347826086 377.0 22 61 Grasp2d_Melhoria 170
69 82.86363636363636 85.77272727272728 16.391304347826086 377.0 22 61 Grasp2d_Melhoria 171
69 82.86363636363636 85.77272727272728 17.136363636363637 377.0 22 60 Grasp2d_Melhoria 172
70 82.86363636363636 85.77272727272728 16.391304347826086 377.0 22 61 Grasp2d_Melhoria 173
70 82.86363636363636 85.77272727272728 15.08 377.0 22 63 Grasp2d_Melhoria 174
70 82.86363636363636 85.77272727272728 17.136363636363637 377.0 22 60 Grasp2d_Melhoria 175
71 82.86363636363636 85.77272727272728 15.708333333333334 377.0 22 63 Grasp2d_Melhoria 176
71 82.86363636363636 85.77272727272728 17.952380952380953 377.0 22 59 Grasp2d_Melhoria 177
71 82.86363636363636 85.77272727272728 17.136363636363637 377.0 22 60 Grasp2d_Melhoria 178
72 82.86363636363636 85.77272727272728 16.391304347826086 377.0 22 61 Grasp2d_Melhoria 179
72 82.86363636363636 85.77272727272728 17.952380952380953 377.0 22 59 Grasp2d_Melhoria 180
72 82.86363636363636 85.77272727272728 15.08 377.0 22 63 Grasp2d_Melhoria 181
73 82.86363636363636 85.77272727272728 17.136363636363637 377.0 22 60 Grasp2d_Melhoria 182
73 82.86363636363636 85.77272727272728 16.391304347826086 377.0 22 61 Grasp2d_Melhoria 183
73 82.86363636363636 85.77272727272728 15.708333333333334 377.0 22 62 Grasp2d_Melhoria 184
73 82.86363636363636 85.77272727272728 16.391304347826086 377.0 22 61 Grasp2d_Melhoria 185
74 82.86363636363636 85.77272727272728 17.136363636363637 377.0 22 61 Grasp2d_Melhoria 186
74 82.86363636363636 85.77272727272728 17.136363636363637 377.0 22 60 Grasp2d_Melhoria 187
74 82.86363636363636 85.77272727272728 16.391304347826086 377.0 22 61 Grasp2d_Melhoria 188
74 82.86363636363636 85.77272727272728 17.136363636363637 377.0 22 60 Grasp2d_Melhoria 189
75 82.86363636363636 85.77272727272728 17.952380952380953 377.0 22 59 Grasp2d_Melhoria 190
75 82.86363636363636 85.77272727272728 17.952380952380953 377.0 22 59 Grasp2d_Melhoria 191
75 82.86363636363636 85.77272727272728 17.136363636363637 377.0 22 60 Grasp2d_Melhoria 192
