Solucao GRASP_2D_CONSTRUTIVO
1 99.0
2 99.0
3 96.0
4 99.0
5 100.0
6 88.0
7 92.0
8 95.0
9 97.0
10 70.0
11 75.0
12 76.0
13 90.0
14 96.0
15 78.0
16 80.0
17 42.0
18 49.0
19 60.0
20 81.0
21 36.0
22 100.0
23 25.0
Solucao GRASP_2D_CONSTRUTIVO
1 100.0
2 98.0
3 85.0
4 99.0
5 84.0
6 98.0
7 96.0
8 89.0
9 95.0
10 90.0
11 90.0
12 97.0
13 54.0
14 49.0
15 56.00000000000001
16 100.0
17 80.0
18 90.0
19 70.0
20 72.0
21 36.0
22 60.0
23 35.0
Solucao GRASP_2D_CONSTRUTIVO
1 100.0
2 100.0
3 95.0
4 92.0
5 97.0
6 93.0
7 79.0
8 98.0
9 100.0
10 75.0
11 87.0
12 62.0
13 64.0
14 70.0
15 70.0
16 85.0
17 36.0
18 100.0
19 60.0
20 56.00000000000001
21 54.0
22 90.0
23 60.0
Solucao GRASP_2D_CONSTRUTIVO
1 99.0
2 100.0
3 100.0
4 96.0
5 92.0
6 87.0
7 98.0
8 100.0
9 100.0
10 91.0
11 76.0
12 68.0
13 70.0
14 49.0
15 60.0
16 48.0
17 36.0
18 80.0
19 81.0
20 72.0
21 70.0
22 75.0
23 75.0
Solucao GRASP_2D_CONSTRUTIVO
1 99.0
2 90.0
3 90.0
4 98.0
5 94.0
6 92.0
7 97.0
8 99.0
9 80.0
10 93.0
11 87.0
12 100.0
13 68.0
14 76.0
15 36.0
16 70.0
17 100.0
18 65.0
19 60.0
20 49.0
21 90.0
22 54.0
23 36.0
Solucao GRASP_2D_CONSTRUTIVO
1 100.0
2 98.0
3 100.0
4 98.0
5 97.0
6 88.0
7 95.0
8 97.0
9 91.0
10 100.0
11 96.0
12 91.0
13 60.0
14 100.0
15 49.0
16 60.0
17 48.0
18 72.0
19 56.00000000000001
20 36.0
21 36.0
22 75.0
23 80.0
Solucao GRASP_2D_CONSTRUTIVO
1 100.0
2 98.0
3 100.0
4 90.0
5 97.0
6 86.0
7 73.0
8 94.0
9 97.0
10 100.0
11 80.0
12 81.0
13 62.0
14 49.0
15 81.0
16 72.0
17 70.0
18 90.0
19 48.0
20 48.0
21 54.0
22 80.0
23 48.0
24 25.0
Solucao GRASP_2D_CONSTRUTIVO
1 100.0
2 100.0
3 96.0
4 87.0
5 100.0
6 94.0
7 95.0
8 51.0
9 100.0
10 100.0
11 96.0
12 72.0
13 95.0
14 48.0
15 48.0
16 70.0
17 100.0
18 56.00000000000001
19 60.0
20 81.0
21 49.0
22 36.0
23 54.0
24 35.0
Solucao GRASP_2D_CONSTRUTIVO
1 100.0
2 99.0
3 100.0
4 98.0
5 88.0
6 91.0
7 94.0
8 94.0
9 99.0
10 94.0
11 60.0
12 96.0
13 81.0
14 36.0
15 100.0
16 48.0
17 48.0
18 72.0
19 60.0
20 36.0
21 54.0
22 80.0
23 60.0
24 35.0
Solucao GRASP_2D_CONSTRUTIVO
1 99.0
2 100.0
3 98.0
4 98.0
5 88.0
6 96.0
7 90.0
8 82.0
9 97.0
10 76.0
11 64.0
12 85.0
13 56.00000000000001
14 90.0
15 75.0
16 42.0
17 81.0
18 72.0
19 54.0
20 100.0
21 36.0
22 60.0
23 48.0
24 36.0
Solucao GRASP_2D_CONSTRUTIVO
1 100.0
2 100.0
3 98.0
4 100.0
5 100.0
6 99.0
7 96.0
8 91.0
9 97.0
10 98.0
11 89.0
12 92.0
13 87.0
14 88.0
15 72.0
16 48.0
17 72.0
18 36.0
19 70.0
20 60.0
21 70.0
22 60.0
Solucao GRASP_2D_CONSTRUTIVO
1 100.0
2 100.0
3 100.0
4 99.0
5 100.0
6 97.0
7 89.0
8 98.0
9 100.0
10 88.0
11 95.0
12 92.0
13 94.0
14 90.0
15 56.00000000000001
16 75.0
17 56.00000000000001
18 48.0
19 80.0
20 36.0
21 70.0
22 60.0
Solucao GRASP_2D_CONSTRUTIVO
1 100.0
2 94.0
3 96.0
4 100.0
5 100.0
6 96.0
7 97.0
8 94.0
9 100.0
10 91.0
11 100.0
12 88.0
13 93.0
14 94.0
15 89.0
16 56.00000000000001
17 48.0
18 85.0
19 36.0
20 70.0
21 36.0
22 60.0
Solucao GRASP_2D_CONSTRUTIVO
1 99.0
2 100.0
3 99.0
4 99.0
5 94.0
6 92.0
7 90.0
8 100.0
9 90.0
10 97.0
11 94.0
12 84.0
13 88.0
14 67.0
15 75.0
16 75.0
17 100.0
18 62.0
19 52.0
20 70.0
21 36.0
22 60.0
Solucao GRASP_2D_CONSTRUTIVO
1 100.0
2 100.0
3 100.0
4 98.0
5 94.0
6 97.0
7 86.0
8 88.0
9 90.0
10 100.0
11 96.0
12 93.0
13 89.0
14 100.0
15 70.0
16 60.0
17 90.0
18 36.0
19 36.0
20 70.0
21 70.0
22 60.0
Solucao GRASP_2D_CONSTRUTIVO
1 100.0
2 100.0
3 100.0
4 98.0
5 99.0
6 100.0
7 100.0
8 92.0
9 88.0
10 100.0
11 85.0
12 98.0
13 88.0
14 90.0
15 94.0
16 77.0
17 36.0
18 36.0
19 42.0
20 70.0
21 70.0
22 60.0
Solucao GRASP_2D_CONSTRUTIVO
1 100.0
2 100.0
3 99.0
4 97.0
5 100.0
6 100.0
7 88.0
8 100.0
9 88.0
10 100.0
11 92.0
12 92.0
13 89.0
14 90.0
15 56.00000000000001
16 80.0
17 75.0
18 36.0
19 75.0
20 70.0
21 36.0
22 60.0
Solucao GRASP_2D_CONSTRUTIVO
1 100.0
2 100.0
3 99.0
4 98.0
5 100.0
6 92.0
7 89.0
8 88.0
9 98.0
10 95.0
11 82.0
12 95.0
13 90.0
14 75.0
15 67.0
16 100.0
17 62.0
18 75.0
19 52.0
20 36.0
21 70.0
22 60.0
Solucao GRASP_2D_CONSTRUTIVO
1 100.0
2 99.0
3 93.0
4 96.0
5 100.0
6 100.0
7 100.0
8 95.0
9 95.0
10 90.0
11 88.0
12 97.0
13 81.0
14 70.0
15 56.00000000000001
16 96.0
17 90.0
18 36.0
19 75.0
20 70.0
21 36.0
22 60.0
Solucao GRASP_2D_CONSTRUTIVO
1 100.0
2 100.0
3 100.0
4 100.0
5 99.0
6 100.0
7 94.0
8 88.0
9 95.0
10 93.0
11 88.0
12 95.0
13 96.0
14 92.0
15 48.0
16 42.0
17 56.00000000000001
18 100.0
19 36.0
20 36.0
21 70.0
22 70.0
23 25.0
Solucao GRASP_2D_CONSTRUTIVO
1 100.0
2 99.0
3 100.0
4 99.0
5 100.0
6 98.0
7 88.0
8 92.0
9 92.0
10 90.0
11 95.0
12 56.00000000000001
13 70.0
14 72.0
15 70.0
16 100.0
17 75.0
18 90.0
19 81.0
20 36.0
21 60.0
22 60.0
Solucao GRASP_2D_CONSTRUTIVO
1 99.0
2 100.0
3 100.0
4 99.0
5 93.0
6 96.0
7 94.0
8 88.0
9 93.0
10 88.0
11 95.0
12 98.0
13 98.0
14 56.00000000000001
15 68.0
16 52.0
17 100.0
18 60.0
19 60.0
20 36.0
21 60.0
22 90.0
Solucao GRASP_2D_CONSTRUTIVO
1 100.0
2 99.0
3 100.0
4 99.0
5 98.0
6 98.0
7 97.0
8 92.0
9 91.0
10 93.0
11 75.0
12 88.0
13 96.0
14 90.0
15 100.0
16 54.0
17 75.0
18 36.0
19 48.0
20 85.0
21 48.0
22 36.0
23 25.0
Solucao GRASP_2D_CONSTRUTIVO
1 98.0
2 100.0
3 100.0
4 98.0
5 91.0
6 85.0
7 100.0
8 99.0
9 91.0
10 88.0
11 56.00000000000001
12 81.0
13 72.0
14 68.0
15 76.0
16 70.0
17 36.0
18 54.0
19 90.0
20 75.0
21 100.0
22 70.0
23 25.0
Solucao GRASP_2D_CONSTRUTIVO
1 100.0
2 100.0
3 99.0
4 100.0
5 94.0
6 96.0
7 98.0
8 94.0
9 82.0
10 96.0
11 91.0
12 96.0
13 100.0
14 54.0
15 81.0
16 49.0
17 48.0
18 95.0
19 56.00000000000001
20 36.0
21 75.0
22 48.0
23 35.0
Solucao GRASP_2D_CONSTRUTIVO
1 100.0
2 100.0
3 100.0
4 100.0
5 98.0
6 100.0
7 94.0
8 92.0
9 93.0
10 98.0
11 88.0
12 93.0
13 90.0
14 75.0
15 78.0
16 60.0
17 48.0
18 56.00000000000001
19 72.0
20 36.0
21 81.0
22 36.0
23 35.0
Solucao GRASP_2D_CONSTRUTIVO
1 100.0
2 100.0
3 100.0
4 100.0
5 100.0
6 98.0
7 91.0
8 94.0
9 82.0
10 95.0
11 76.0
12 85.0
13 72.0
14 96.0
15 60.0
16 90.0
17 49.0
18 36.0
19 70.0
20 48.0
21 81.0
22 60.0
23 40.0
Solucao GRASP_2D_CONSTRUTIVO
1 100.0
2 100.0
3 98.0
4 99.0
5 100.0
6 100.0
7 84.0
8 92.0
9 94.0
10 95.0
11 97.0
12 56.00000000000001
13 82.0
14 36.0
15 60.0
16 100.0
17 60.0
18 42.0
19 80.0
20 48.0
21 70.0
22 70.0
23 60.0
Solucao GRASP_2D_CONSTRUTIVO
1 100.0
2 100.0
3 100.0
4 100.0
5 95.0
6 91.0
7 94.0
8 100.0
9 94.0
10 94.0
11 85.0
12 68.0
13 81.0
14 100.0
15 80.0
16 60.0
17 49.0
18 60.0
19 80.0
20 36.0
21 48.0
22 60.0
23 48.0
Solucao GRASP_2D_CONSTRUTIVO
1 99.0
2 100.0
3 100.0
4 92.0
5 85.0
6 85.0
7 100.0
8 100.0
9 94.0
10 92.0
11 95.0
12 96.0
13 84.0
14 96.0
15 86.0
16 48.0
17 49.0
18 75.0
19 48.0
20 60.0
21 36.0
22 42.0
23 36.0
24 25.0
Solucao GRASP_2D_CONSTRUTIVO
1 100.0
2 99.0
3 98.0
4 100.0
5 100.0
6 87.0
7 88.0
8 88.0
9 88.0
10 95.0
11 94.0
12 84.0
13 76.0
14 80.0
15 48.0
16 49.0
17 85.0
18 60.0
19 90.0
20 72.0
21 81.0
22 36.0
23 25.0
Solucao GRASP_2D_CONSTRUTIVO
1 99.0
2 100.0
3 98.0
4 97.0
5 81.0
6 95.0
7 96.0
8 94.0
9 100.0
10 91.0
11 72.0
12 84.0
13 81.0
14 54.0
15 72.0
16 75.0
17 100.0
18 80.0
19 85.0
20 48.0
21 60.0
22 36.0
23 25.0
Solucao GRASP_2D_CONSTRUTIVO
1 100.0
2 100.0
3 95.0
4 85.0
5 98.0
6 95.0
7 88.0
8 94.0
9 94.0
10 98.0
11 94.0
12 90.0
13 85.0
14 64.0
15 60.0
16 48.0
17 54.0
18 90.0
19 100.0
20 72.0
21 36.0
22 48.0
23 35.0
Solucao GRASP_2D_CONSTRUTIVO
1 99.0
2 100.0
3 99.0
4 89.0
5 100.0
6 98.0
7 92.0
8 94.0
9 100.0
10 93.0
11 100.0
12 94.0
13 63.0
14 48.0
15 70.0
16 80.0
17 80.0
18 56.00000000000001
19 48.0
20 60.0
21 54.0
22 70.0
23 36.0
Solucao GRASP_2D_CONSTRUTIVO
1 100.0
2 99.0
3 94.0
4 99.0
5 92.0
6 94.0
7 100.0
8 91.0
9 84.0
10 97.0
11 77.0
12 56.00000000000001
13 60.0
14 100.0
15 80.0
16 49.0
17 85.0
18 48.0
19 54.0
20 36.0
21 72.0
22 81.0
23 75.0
Solucao GRASP_2D_CONSTRUTIVO
1 100.0
2 100.0
3 100.0
4 96.0
5 88.0
6 94.0
7 100.0
8 76.0
9 96.0
10 95.0
11 72.0
12 80.0
13 90.0
14 100.0
15 75.0
16 60.0
17 70.0
18 42.0
19 54.0
20 70.0
21 80.0
22 49.0
23 36.0
Solucao GRASP_2D_CONSTRUTIVO
1 100.0
2 84.0
3 96.0
4 94.0
5 88.0
6 92.0
7 94.0
8 100.0
9 99.0
10 95.0
11 100.0
12 94.0
13 100.0
14 88.0
15 82.0
16 48.0
17 70.0
18 49.0
19 40.0
20 36.0
21 48.0
22 90.0
23 36.0
Solucao GRASP_2D_CONSTRUTIVO
1 100.0
2 100.0
3 100.0
4 100.0
5 94.0
6 94.0
7 91.0
8 90.0
9 88.0
10 100.0
11 84.0
12 85.0
13 83.0
14 81.0
15 90.0
16 65.0
17 80.0
18 56.00000000000001
19 36.0
20 48.0
21 50.0
22 72.0
23 36.0
Solucao GRASP_2D_CONSTRUTIVO
1 100.0
2 94.0
3 100.0
4 100.0
5 94.0
6 92.0
7 95.0
8 85.0
9 100.0
10 81.0
11 48.0
12 90.0
13 56.00000000000001
14 54.0
15 75.0
16 49.0
17 80.0
18 100.0
19 95.0
20 60.0
21 72.0
22 36.0
23 42.0
24 25.0
Solucao GRASP_2D_CONSTRUTIVO
1 99.0
2 99.0
3 100.0
4 100.0
5 97.0
6 92.0
7 100.0
8 96.0
9 94.0
10 91.0
11 70.0
12 56.00000000000001
13 49.0
14 60.0
15 60.0
16 85.0
17 36.0
18 70.0
19 48.0
20 81.0
21 42.0
22 48.0
23 60.0
24 90.0
Solucao GRASP_2D_CONSTRUTIVO
1 94.0
2 100.0
3 91.0
4 97.0
5 96.0
6 92.0
7 100.0
8 100.0
9 82.0
10 79.0
11 80.0
12 80.0
13 97.0
14 81.0
15 88.0
16 66.0
17 54.0
18 85.0
19 48.0
20 60.0
21 72.0
22 36.0
23 45.0
Solucao GRASP_2D_CONSTRUTIVO
1 100.0
2 100.0
3 99.0
4 99.0
5 89.0
6 94.0
7 97.0
8 88.0
9 80.0
10 82.0
11 100.0
12 76.0
13 81.0
14 75.0
15 50.0
16 70.0
17 60.0
18 72.0
19 80.0
20 60.0
21 81.0
22 48.0
23 42.0
Solucao GRASP_2D_CONSTRUTIVO
1 99.0
2 97.0
3 69.0
4 94.0
5 85.0
6 93.0
7 98.0
8 93.0
9 90.0
10 80.0
11 80.0
12 84.0
13 70.0
14 70.0
15 90.0
16 72.0
17 64.0
18 48.0
19 81.0
20 100.0
21 48.0
22 70.0
23 48.0
Solucao GRASP_2D_CONSTRUTIVO
1 100.0
2 100.0
3 87.0
4 99.0
5 92.0
6 94.0
7 82.0
8 86.0
9 94.0
10 86.0
11 90.0
12 87.0
13 85.0
14 85.0
15 64.0
16 48.0
17 75.0
18 49.0
19 25.0
20 36.0
21 100.0
22 36.0
23 81.0
24 42.0
Solucao GRASP_2D_CONSTRUTIVO
1 100.0
2 100.0
3 100.0
4 98.0
5 96.0
6 56.99999999999999
7 96.0
8 95.0
9 91.0
10 95.0
11 68.0
12 81.0
13 54.0
14 42.0
15 72.0
16 90.0
17 36.0
18 100.0
19 48.0
20 36.0
21 48.0
22 70.0
23 60.0
24 90.0
Solucao GRASP_2D_CONSTRUTIVO
1 100.0
2 100.0
3 100.0
4 97.0
5 96.0
6 92.0
7 94.0
8 88.0
9 100.0
10 93.0
11 100.0
12 63.0
13 60.0
14 81.0
15 36.0
16 80.0
17 48.0
18 36.0
19 72.0
20 49.0
21 48.0
22 60.0
23 60.0
24 70.0
Solucao GRASP_2D_CONSTRUTIVO
1 100.0
2 94.0
3 96.0
4 94.0
5 76.0
6 98.0
7 91.0
8 82.0
9 97.0
10 90.0
11 85.0
12 63.0
13 72.0
14 56.00000000000001
15 40.0
16 100.0
17 36.0
18 90.0
19 48.0
20 49.0
21 72.0
22 54.0
23 80.0
24 60.0
Solucao GRASP_2D_CONSTRUTIVO
1 100.0
2 100.0
3 80.0
4 100.0
5 100.0
6 95.0
7 92.0
8 80.0
9 100.0
10 53.0
11 90.0
12 84.0
13 75.0
14 48.0
15 80.0
16 54.0
17 70.0
18 60.0
19 72.0
20 48.0
21 56.00000000000001
22 36.0
23 50.0
24 100.0
Solucao GRASP_2D_CONSTRUTIVO
1 98.0
2 96.0
3 100.0
4 96.0
5 100.0
6 96.0
7 97.0
8 94.0
9 100.0
10 88.0
11 76.0
12 91.0
13 56.00000000000001
14 73.0
15 70.0
16 60.0
17 80.0
18 60.0
19 54.0
20 70.0
21 48.0
22 36.0
23 36.0
24 48.0
Solucao GRASP_2D_CONSTRUTIVO
1 100.0
2 99.0
3 95.0
4 96.0
5 98.0
6 88.0
7 94.0
8 86.0
9 72.0
10 93.0
11 70.0
12 80.0
13 64.0
14 90.0
15 42.0
16 70.0
17 60.0
18 48.0
19 70.0
20 50.0
21 100.0
22 54.0
23 56.00000000000001
24 48.0
Solucao Grasp2d_Melhoria
1 100.0
2 100.0
3 100.0
4 100.0
5 100.0
6 99.0
7 99.0
8 97.0
9 96.0
10 96.0
11 95.0
12 93.0
13 92.0
14 88.0
15 88.0
16 70.0
17 70.0
18 60.0
19 60.0
20 48.0
21 36.0
22 36.0
Solucao Grasp2d_Melhoria
1 100.0
2 100.0
3 100.0
4 100.0
5 100.0
6 100.0
7 100.0
8 99.0
9 95.0
10 95.0
11 94.0
12 94.0
13 88.0
14 88.0
15 75.0
16 75.0
17 74.0
18 72.0
19 60.0
20 42.0
21 36.0
22 36.0
Solucao Grasp2d_Melhoria
1 100.0
2 100.0
3 100.0
4 100.0
5 100.0
6 98.0
7 97.0
8 96.0
9 96.0
10 95.0
11 94.0
12 92.0
13 90.0
14 88.0
15 80.0
16 77.0
17 70.0
18 70.0
19 60.0
20 48.0
21 36.0
22 36.0
Solucao Grasp2d_Melhoria
1 100.0
2 100.0
3 100.0
4 100.0
5 99.0
6 98.0
7 98.0
8 97.0
9 96.0
10 94.0
11 88.0
12 88.0
13 85.0
14 84.0
15 80.0
16 70.0
17 70.0
18 66.0
19 62.0
20 60.0
21 52.0
22 36.0
Solucao Grasp2d_Melhoria
1 100.0
2 100.0
3 100.0
4 100.0
5 100.0
6 99.0
7 99.0
8 99.0
9 97.0
10 94.0
11 92.0
12 91.0
13 88.0
14 88.0
15 80.0
16 76.0
17 70.0
18 70.0
19 60.0
20 48.0
21 36.0
22 36.0
Solucao Grasp2d_Melhoria
1 100.0
2 100.0
3 100.0
4 100.0
5 99.0
6 98.0
7 96.0
8 96.0
9 96.0
10 95.0
11 94.0
12 92.0
13 91.0
14 88.0
15 84.0
16 74.0
17 70.0
18 70.0
19 60.0
20 48.0
21 36.0
22 36.0
Solucao Grasp2d_Melhoria
1 100.0
2 100.0
3 100.0
4 100.0
5 100.0
6 100.0
7 100.0
8 96.0
9 95.0
10 92.0
11 92.0
12 90.0
13 88.0
14 85.0
15 76.0
16 70.0
17 70.0
18 69.0
19 68.0
20 60.0
21 36.0
22 36.0
Solucao Grasp2d_Melhoria
1 100.0
2 100.0
3 100.0
4 100.0
5 100.0
6 99.0
7 99.0
8 98.0
9 97.0
10 94.0
11 94.0
12 91.0
13 91.0
14 88.0
15 80.0
16 70.0
17 70.0
18 60.0
19 60.0
20 60.0
21 36.0
22 36.0
Solucao Grasp2d_Melhoria
1 100.0
2 100.0
3 100.0
4 100.0
5 100.0
6 100.0
7 100.0
8 98.0
9 96.0
10 96.0
11 94.0
12 91.0
13 91.0
14 89.0
15 88.0
16 70.0
17 70.0
18 60.0
19 60.0
20 48.0
21 36.0
22 36.0
Solucao Grasp2d_Melhoria
1 100.0
2 100.0
3 100.0
4 100.0
5 100.0
6 98.0
7 97.0
8 96.0
9 96.0
10 92.0
11 90.0
12 90.0
13 89.0
14 88.0
15 88.0
16 85.0
17 70.0
18 70.0
19 60.0
20 42.0
21 36.0
22 36.0
Solucao Grasp2d_Melhoria
1 100.0
2 100.0
3 100.0
4 100.0
5 100.0
6 100.0
7 100.0
8 98.0
9 96.0
10 96.0
11 95.0
12 93.0
13 92.0
14 88.0
15 85.0
16 70.0
17 70.0
18 60.0
19 60.0
20 48.0
21 36.0
22 36.0
Solucao Grasp2d_Melhoria
1 100.0
2 100.0
3 100.0
4 100.0
5 99.0
6 98.0
7 98.0
8 96.0
9 96.0
10 95.0
11 95.0
12 91.0
13 91.0
14 88.0
15 86.0
16 70.0
17 70.0
18 70.0
19 60.0
20 48.0
21 36.0
22 36.0
Solucao Grasp2d_Melhoria
1 100.0
2 100.0
3 100.0
4 100.0
5 100.0
6 100.0
7 100.0
8 98.0
9 96.0
10 96.0
11 96.0
12 92.0
13 88.0
14 86.0
15 85.0
16 70.0
17 70.0
18 66.0
19 60.0
20 48.0
21 36.0
22 36.0
Solucao Grasp2d_Melhoria
1 100.0
2 100.0
3 100.0
4 99.0
5 98.0
6 98.0
7 98.0
8 97.0
9 96.0
10 96.0
11 94.0
12 88.0
13 88.0
14 88.0
15 80.0
16 75.0
17 72.0
18 70.0
19 60.0
20 54.0
21 36.0
22 36.0
Solucao Grasp2d_Melhoria
1 100.0
2 100.0
3 100.0
4 100.0
5 100.0
6 100.0
7 100.0
8 98.0
9 96.0
10 96.0
11 95.0
12 94.0
13 91.0
14 88.0
15 85.0
16 70.0
17 70.0
18 60.0
19 60.0
20 48.0
21 36.0
22 36.0
Solucao Grasp2d_Melhoria
1 100.0
2 100.0
3 100.0
4 100.0
5 99.0
6 98.0
7 97.0
8 97.0
9 97.0
10 96.0
11 95.0
12 94.0
13 94.0
14 88.0
15 78.0
16 70.0
17 70.0
18 70.0
19 60.0
20 48.0
21 36.0
22 36.0
Solucao Grasp2d_Melhoria
1 100.0
2 100.0
3 100.0
4 100.0
5 100.0
6 100.0
7 100.0
8 98.0
9 96.0
10 96.0
11 95.0
12 94.0
13 91.0
14 88.0
15 85.0
16 70.0
17 70.0
18 66.0
19 60.0
20 42.0
21 36.0
22 36.0
Solucao Grasp2d_Melhoria
1 100.0
2 100.0
3 100.0
4 99.0
5 98.0
6 98.0
7 98.0
8 97.0
9 95.0
10 94.0
11 94.0
12 92.0
13 90.0
14 88.0
15 80.0
16 80.0
17 70.0
18 70.0
19 60.0
20 48.0
21 36.0
22 36.0
Solucao Grasp2d_Melhoria
1 100.0
2 100.0
3 100.0
4 100.0
5 100.0
6 100.0
7 100.0
8 98.0
9 96.0
10 96.0
11 96.0
12 92.0
13 88.0
14 80.0
15 78.0
16 75.0
17 72.0
18 70.0
19 60.0
20 50.0
21 36.0
22 36.0
Solucao Grasp2d_Melhoria
1 100.0
2 100.0
3 100.0
4 100.0
5 99.0
6 98.0
7 97.0
8 96.0
9 96.0
10 95.0
11 94.0
12 92.0
13 91.0
14 90.0
15 88.0
16 73.0
17 70.0
18 70.0
19 60.0
20 42.0
21 36.0
22 36.0
Solucao Grasp2d_Melhoria
1 100.0
2 100.0
3 100.0
4 100.0
5 100.0
6 100.0
7 100.0
8 98.0
9 96.0
10 96.0
11 95.0
12 92.0
13 92.0
14 88.0
15 86.0
16 70.0
17 70.0
18 66.0
19 60.0
20 42.0
21 36.0
22 36.0
Solucao Grasp2d_Melhoria
1 100.0
2 100.0
3 100.0
4 100.0
5 99.0
6 99.0
7 98.0
8 95.0
9 94.0
10 93.0
11 92.0
12 88.0
13 88.0
14 81.0
15 80.0
16 76.0
17 70.0
18 70.0
19 68.0
20 60.0
21 36.0
22 36.0
Solucao Grasp2d_Melhoria
1 100.0
2 100.0
3 100.0
4 100.0
5 100.0
6 100.0
7 100.0
8 98.0
9 96.0
10 95.0
11 92.0
12 91.0
13 88.0
14 85.0
15 84.0
16 74.0
17 70.0
18 70.0
19 60.0
20 48.0
21 36.0
22 36.0
Solucao Grasp2d_Melhoria
1 100.0
2 100.0
3 100.0
4 99.0
5 99.0
6 97.0
7 97.0
8 96.0
9 96.0
10 95.0
11 95.0
12 93.0
13 91.0
14 88.0
15 87.0
16 70.0
17 70.0
18 70.0
19 60.0
20 48.0
21 36.0
22 36.0
Solucao Grasp2d_Melhoria
1 100.0
2 100.0
3 100.0
4 100.0
5 100.0
6 100.0
7 100.0
8 98.0
9 96.0
10 96.0
11 95.0
12 93.0
13 92.0
14 88.0
15 85.0
16 70.0
17 70.0
18 66.0
19 60.0
20 42.0
21 36.0
22 36.0
Solucao Grasp2d_Melhoria
1 100.0
2 100.0
3 100.0
4 100.0
5 100.0
6 99.0
7 99.0
8 96.0
9 96.0
10 95.0
11 94.0
12 88.0
13 88.0
14 84.0
15 81.0
16 71.0
17 70.0
18 70.0
19 60.0
20 60.0
21 36.0
22 36.0
Solucao Grasp2d_Melhoria
1 100.0
2 100.0
3 100.0
4 100.0
5 100.0
6 100.0
7 100.0
8 98.0
9 97.0
10 96.0
11 96.0
12 92.0
13 91.0
14 88.0
15 85.0
16 70.0
17 70.0
18 66.0
19 60.0
20 42.0
21 36.0
22 36.0
Solucao Grasp2d_Melhoria
1 100.0
2 100.0
3 100.0
4 100.0
5 100.0
6 99.0
7 99.0
8 97.0
9 96.0
10 96.0
11 95.0
12 94.0
13 91.0
14 88.0
15 88.0
16 70.0
17 70.0
18 60.0
19 60.0
20 48.0
21 36.0
22 36.0
Solucao Grasp2d_Melhoria
1 100.0
2 100.0
3 100.0
4 100.0
5 100.0
6 100.0
7 100.0
8 97.0
9 96.0
10 93.0
11 92.0
12 91.0
13 90.0
14 88.0
15 76.0
16 70.0
17 70.0
18 66.0
19 62.0
20 60.0
21 36.0
22 36.0
Solucao Grasp2d_Melhoria
1 100.0
2 100.0
3 100.0
4 100.0
5 99.0
6 99.0
7 98.0
8 95.0
9 92.0
10 91.0
11 90.0
12 88.0
13 88.0
14 81.0
15 80.0
16 72.0
17 72.0
18 70.0
19 70.0
20 60.0
21 42.0
22 36.0
Solucao Grasp2d_Melhoria
1 100.0
2 100.0
3 100.0
4 100.0
5 100.0
6 100.0
7 100.0
8 98.0
9 96.0
10 96.0
11 95.0
12 94.0
13 91.0
14 88.0
15 85.0
16 70.0
17 70.0
18 66.0
19 60.0
20 42.0
21 36.0
22 36.0
Solucao Grasp2d_Melhoria
1 100.0
2 100.0
3 100.0
4 100.0
5 99.0
6 98.0
7 98.0
8 98.0
9 97.0
10 96.0
11 93.0
12 92.0
13 90.0
14 88.0
15 88.0
16 72.0
17 70.0
18 70.0
19 60.0
20 42.0
21 36.0
22 36.0
Solucao Grasp2d_Melhoria
1 100.0
2 100.0
3 100.0
4 100.0
5 100.0
6 100.0
7 100.0
8 98.0
9 96.0
10 95.0
11 93.0
12 92.0
13 88.0
14 85.0
15 76.0
16 70.0
17 70.0
18 66.0
19 62.0
20 60.0
21 36.0
22 36.0
Solucao Grasp2d_Melhoria
1 100.0
2 100.0
3 100.0
4 99.0
5 99.0
6 98.0
7 97.0
8 96.0
9 95.0
10 94.0
11 93.0
12 91.0
13 88.0
14 87.0
15 72.0
16 70.0
17 70.0
18 70.0
19 66.0
20 60.0
21 42.0
22 36.0
Solucao Grasp2d_Melhoria
1 100.0
2 100.0
3 100.0
4 100.0
5 100.0
6 100.0
7 100.0
8 98.0
9 97.0
10 96.0
11 96.0
12 92.0
13 85.0
14 85.0
15 82.0
16 70.0
17 70.0
18 60.0
19 60.0
20 60.0
21 36.0
22 36.0
Solucao Grasp2d_Melhoria
1 100.0
2 100.0
3 100.0
4 99.0
5 98.0
6 98.0
7 98.0
8 97.0
9 96.0
10 96.0
11 95.0
12 94.0
13 93.0
14 91.0
15 88.0
16 70.0
17 70.0
18 60.0
19 54.0
20 48.0
21 42.0
22 36.0
Solucao Grasp2d_Melhoria
1 100.0
2 100.0
3 100.0
4 100.0
5 100.0
6 100.0
7 100.0
8 97.0
9 96.0
10 96.0
11 93.0
12 92.0
13 92.0
14 89.0
15 88.0
16 70.0
17 70.0
18 60.0
19 60.0
20 48.0
21 36.0
22 36.0
Solucao Grasp2d_Melhoria
1 100.0
2 100.0
3 100.0
4 100.0
5 99.0
6 99.0
7 97.0
8 97.0
9 97.0
10 96.0
11 95.0
12 91.0
13 88.0
14 88.0
15 72.0
16 70.0
17 70.0
18 66.0
19 60.0
20 60.0
21 42.0
22 36.0
Solucao Grasp2d_Melhoria
1 100.0
2 100.0
3 100.0
4 100.0
5 100.0
6 100.0
7 100.0
8 98.0
9 96.0
10 95.0
11 95.0
12 94.0
13 92.0
14 88.0
15 85.0
16 70.0
17 70.0
18 66.0
19 60.0
20 42.0
21 36.0
22 36.0
Solucao Grasp2d_Melhoria
1 100.0
2 100.0
3 100.0
4 100.0
5 99.0
6 99.0
7 98.0
8 97.0
9 96.0
10 96.0
11 95.0
12 94.0
13 93.0
14 88.0
15 88.0
16 70.0
17 70.0
18 60.0
19 60.0
20 48.0
21 36.0
22 36.0
Solucao Grasp2d_Melhoria
1 100.0
2 100.0
3 100.0
4 100.0
5 100.0
6 100.0
7 100.0
8 98.0
9 96.0
10 95.0
11 94.0
12 94.0
13 91.0
14 88.0
15 85.0
16 70.0
17 70.0
18 68.0
19 60.0
20 42.0
21 36.0
22 36.0
Solucao Grasp2d_Melhoria
1 100.0
2 100.0
3 100.0
4 99.0
5 99.0
6 98.0
7 97.0
8 96.0
9 95.0
10 95.0
11 93.0
12 91.0
13 88.0
14 87.0
15 81.0
16 70.0
17 70.0
18 62.0
19 60.0
20 54.0
21 52.0
22 36.0
Solucao Grasp2d_Melhoria
1 100.0
2 100.0
3 100.0
4 100.0
5 100.0
6 100.0
7 100.0
8 98.0
9 97.0
10 96.0
11 92.0
12 91.0
13 88.0
14 80.0
15 75.0
16 70.0
17 66.0
18 62.0
19 60.0
20 60.0
21 52.0
22 36.0
Solucao Grasp2d_Melhoria
1 100.0
2 100.0
3 100.0
4 100.0
5 99.0
6 99.0
7 98.0
8 96.0
9 96.0
10 96.0
11 95.0
12 94.0
13 94.0
14 88.0
15 88.0
16 70.0
17 70.0
18 66.0
19 60.0
20 42.0
21 36.0
22 36.0
Solucao Grasp2d_Melhoria
1 100.0
2 100.0
3 100.0
4 100.0
5 100.0
6 100.0
7 100.0
8 98.0
9 98.0
10 96.0
11 96.0
12 93.0
13 88.0
14 88.0
15 74.0
16 72.0
17 70.0
18 70.0
19 60.0
20 48.0
21 36.0
22 36.0
Solucao Grasp2d_Melhoria
1 100.0
2 100.0
3 100.0
4 99.0
5 99.0
6 98.0
7 97.0
8 96.0
9 96.0
10 96.0
11 94.0
12 94.0
13 88.0
14 88.0
15 88.0
16 80.0
17 70.0
18 66.0
19 60.0
20 42.0
21 36.0
22 36.0
Solucao Grasp2d_Melhoria
1 100.0
2 100.0
3 100.0
4 100.0
5 100.0
6 100.0
7 100.0
8 98.0
9 96.0
10 95.0
11 95.0
12 94.0
13 92.0
14 88.0
15 85.0
16 70.0
17 70.0
18 66.0
19 60.0
20 42.0
21 36.0
22 36.0
Solucao Grasp2d_Melhoria
1 100.0
2 100.0
3 100.0
4 100.0
5 99.0
6 99.0
7 97.0
8 96.0
9 95.0
10 95.0
11 94.0
12 91.0
13 91.0
14 88.0
15 84.0
16 70.0
17 70.0
18 60.0
19 60.0
20 50.0
21 48.0
22 36.0
Solucao Grasp2d_Melhoria
1 100.0
2 100.0
3 100.0
4 100.0
5 100.0
6 100.0
7 100.0
8 96.0
9 95.0
10 92.0
11 91.0
12 90.0
13 88.0
14 88.0
15 85.0
16 70.0
17 70.0
18 68.0
19 60.0
20 57.99999999999999
21 36.0
22 36.0
Solucao Grasp2d_Melhoria
1 100.0
2 100.0
3 100.0
4 100.0
5 99.0
6 98.0
7 97.0
8 96.0
9 95.0
10 95.0
11 95.0
12 94.0
13 90.0
14 88.0
15 88.0
16 74.0
17 70.0
18 70.0
19 60.0
20 42.0
21 36.0
22 36.0
Solucao Grasp2d_Melhoria
1 100.0
2 100.0
3 100.0
4 100.0
5 100.0
6 100.0
7 100.0
8 98.0
9 96.0
10 96.0
11 94.0
12 91.0
13 89.0
14 88.0
15 85.0
16 72.0
17 70.0
18 70.0
19 60.0
20 42.0
21 36.0
22 36.0
Solucao Grasp2d_Melhoria
1 100.0
2 100.0
3 100.0
4 100.0
5 100.0
6 100.0
7 99.0
8 99.0
9 96.0
10 95.0
11 93.0
12 86.0
13 82.0
14 81.0
15 80.0
16 72.0
17 70.0
18 70.0
19 60.0
20 56.00000000000001
21 48.0
22 36.0
Solucao Grasp2d_Melhoria
1 100.0
2 100.0
3 100.0
4 100.0
5 100.0
6 100.0
7 100.0
8 97.0
9 96.0
10 96.0
11 92.0
12 91.0
13 90.0
14 88.0
15 85.0
16 74.0
17 70.0
18 70.0
19 60.0
20 42.0
21 36.0
22 36.0
Solucao Grasp2d_Melhoria
1 100.0
2 100.0
3 100.0
4 100.0
5 100.0
6 99.0
7 99.0
8 95.0
9 94.0
10 94.0
11 93.0
12 92.0
13 92.0
14 84.0
15 81.0
16 75.0
17 75.0
18 70.0
19 60.0
20 48.0
21 36.0
22 36.0
Solucao Grasp2d_Melhoria
1 100.0
2 100.0
3 100.0
4 100.0
5 100.0
6 100.0
7 100.0
8 98.0
9 96.0
10 96.0
11 95.0
12 94.0
13 91.0
14 88.0
15 85.0
16 70.0
17 70.0
18 60.0
19 60.0
20 48.0
21 36.0
22 36.0
Solucao Grasp2d_Melhoria
1 100.0
2 100.0
3 100.0
4 100.0
5 100.0
6 100.0
7 100.0
8 100.0
9 98.0
10 94.0
11 94.0
12 92.0
13 88.0
14 88.0
15 85.0
16 79.0
17 70.0
18 48.0
19 48.0
20 42.0
21 36.0
22 36.0
23 25.0
Solucao Grasp2d_Melhoria
1 100.0
2 100.0
3 100.0
4 100.0
5 100.0
6 100.0
7 100.0
8 97.0
9 96.0
10 95.0
11 92.0
12 92.0
13 88.0
14 85.0
15 84.0
16 80.0
17 70.0
18 70.0
19 60.0
20 42.0
21 36.0
22 36.0
Solucao Grasp2d_Melhoria
1 100.0
2 100.0
3 100.0
4 100.0
5 100.0
6 99.0
7 98.0
8 96.0
9 96.0
10 96.0
11 92.0
12 91.0
13 88.0
14 81.0
15 81.0
16 70.0
17 70.0
18 68.0
19 60.0
20 52.0
21 49.0
22 36.0
Solucao Grasp2d_Melhoria
1 100.0
2 100.0
3 100.0
4 100.0
5 100.0
6 100.0
7 100.0
8 97.0
9 96.0
10 96.0
11 95.0
12 94.0
13 92.0
14 88.0
15 85.0
16 70.0
17 70.0
18 60.0
19 60.0
20 48.0
21 36.0
22 36.0
Solucao Grasp2d_Melhoria
1 100.0
2 100.0
3 100.0
4 100.0
5 100.0
6 100.0
7 100.0
8 98.0
9 97.0
10 96.0
11 95.0
12 91.0
13 89.0
14 87.0
15 80.0
16 80.0
17 70.0
18 60.0
19 60.0
20 48.0
21 36.0
22 36.0
Solucao Grasp2d_Melhoria
1 100.0
2 100.0
3 100.0
4 100.0
5 100.0
6 100.0
7 100.0
8 98.0
9 97.0
10 96.0
11 96.0
12 92.0
13 91.0
14 88.0
15 80.0
16 75.0
17 70.0
18 60.0
19 60.0
20 48.0
21 36.0
22 36.0
Solucao Grasp2d_Melhoria
1 100.0
2 100.0
3 100.0
4 100.0
5 100.0
6 100.0
7 100.0
8 98.0
9 96.0
10 95.0
11 94.0
12 94.0
13 90.0
14 80.0
15 80.0
16 74.0
17 72.0
18 70.0
19 60.0
20 48.0
21 36.0
22 36.0
Solucao Grasp2d_Melhoria
1 100.0
2 100.0
3 100.0
4 100.0
5 100.0
6 100.0
7 100.0
8 98.0
9 96.0
10 96.0
11 95.0
12 94.0
13 91.0
14 88.0
15 85.0
16 70.0
17 70.0
18 60.0
19 60.0
20 48.0
21 36.0
22 36.0
Solucao Grasp2d_Melhoria
1 100.0
2 100.0
3 100.0
4 100.0
5 100.0
6 100.0
7 100.0
8 98.0
9 98.0
10 95.0
11 94.0
12 94.0
13 88.0
14 86.0
15 80.0
16 72.0
17 70.0
18 68.0
19 60.0
20 48.0
21 36.0
22 36.0
Solucao Grasp2d_Melhoria
1 100.0
2 100.0
3 100.0
4 100.0
5 100.0
6 100.0
7 100.0
8 99.0
9 97.0
10 96.0
11 94.0
12 88.0
13 88.0
14 85.0
15 72.0
16 72.0
17 70.0
18 70.0
19 60.0
20 54.0
21 42.0
22 36.0
Solucao Grasp2d_Melhoria
1 100.0
2 100.0
3 100.0
4 99.0
5 99.0
6 99.0
7 99.0
8 98.0
9 97.0
10 96.0
11 90.0
12 90.0
13 88.0
14 88.0
15 88.0
16 72.0
17 70.0
18 70.0
19 60.0
20 48.0
21 36.0
22 36.0
Solucao Grasp2d_Melhoria
1 100.0
2 100.0
3 100.0
4 100.0
5 100.0
6 100.0
7 100.0
8 99.0
9 97.0
10 96.0
11 96.0
12 94.0
13 88.0
14 88.0
15 85.0
16 70.0
17 70.0
18 66.0
19 60.0
20 42.0
21 36.0
22 36.0
Solucao Grasp2d_Melhoria
1 100.0
2 100.0
3 100.0
4 100.0
5 100.0
6 100.0
7 100.0
8 100.0
9 96.0
10 96.0
11 96.0
12 94.0
13 88.0
14 85.0
15 84.0
16 70.0
17 70.0
18 70.0
19 60.0
20 42.0
21 36.0
22 36.0
Solucao Grasp2d_Melhoria
1 100.0
2 100.0
3 100.0
4 100.0
5 100.0
6 100.0
7 100.0
8 99.0
9 98.0
10 96.0
11 96.0
12 91.0
13 90.0
14 88.0
15 85.0
16 70.0
17 70.0
18 60.0
19 60.0
20 48.0
21 36.0
22 36.0
Solucao Grasp2d_Melhoria
1 100.0
2 100.0
3 100.0
4 100.0
5 99.0
6 99.0
7 96.0
8 94.0
9 94.0
10 92.0
11 92.0
12 90.0
13 88.0
14 82.0
15 80.0
16 70.0
17 70.0
18 68.0
19 64.0
20 48.0
21 36.0
22 36.0
23 25.0
Solucao Grasp2d_Melhoria
1 100.0
2 100.0
3 100.0
4 100.0
5 100.0
6 100.0
7 100.0
8 98.0
9 96.0
10 96.0
11 96.0
12 88.0
13 86.0
14 86.0
15 85.0
16 70.0
17 70.0
18 60.0
19 60.0
20 54.0
21 42.0
22 36.0
Solucao Grasp2d_Melhoria
1 100.0
2 100.0
3 100.0
4 100.0
5 100.0
6 100.0
7 100.0
8 96.0
9 95.0
10 92.0
11 92.0
12 91.0
13 88.0
14 85.0
15 79.0
16 75.0
17 60.0
18 60.0
19 48.0
20 48.0
21 42.0
22 36.0
23 36.0
Solucao Grasp2d_Melhoria
1 100.0
2 100.0
3 100.0
4 100.0
5 100.0
6 100.0
7 100.0
8 98.0
9 96.0
10 96.0
11 95.0
12 93.0
13 92.0
14 88.0
15 85.0
16 70.0
17 70.0
18 60.0
19 60.0
20 48.0
21 36.0
22 36.0
Solucao Grasp2d_Melhoria
1 100.0
2 100.0
3 100.0
4 100.0
5 100.0
6 99.0
7 97.0
8 96.0
9 95.0
10 94.0
11 94.0
12 92.0
13 88.0
14 77.0
15 76.0
16 75.0
17 70.0
18 70.0
19 49.0
20 48.0
21 42.0
22 36.0
23 25.0
Solucao Grasp2d_Melhoria
1 100.0
2 100.0
3 100.0
4 100.0
5 100.0
6 100.0
7 100.0
8 98.0
9 96.0
10 96.0
11 95.0
12 94.0
13 91.0
14 88.0
15 85.0
16 70.0
17 70.0
18 66.0
19 60.0
20 42.0
21 36.0
22 36.0
Solucao Grasp2d_Melhoria
1 100.0
2 100.0
3 99.0
4 99.0
5 98.0
6 96.0
7 96.0
8 96.0
9 94.0
10 94.0
11 90.0
12 90.0
13 87.0
14 85.0
15 85.0
16 81.0
17 75.0
18 70.0
19 60.0
20 56.00000000000001
21 36.0
22 36.0
Solucao Grasp2d_Melhoria
1 100.0
2 100.0
3 100.0
4 100.0
5 100.0
6 100.0
7 100.0
8 98.0
9 96.0
10 95.0
11 94.0
12 92.0
13 90.0
14 90.0
15 88.0
16 70.0
17 70.0
18 60.0
19 60.0
20 48.0
21 36.0
22 36.0
Solucao Grasp2d_Melhoria
1 100.0
2 100.0
3 100.0
4 100.0
5 100.0
6 100.0
7 98.0
8 98.0
9 96.0
10 94.0
11 92.0
12 91.0
13 90.0
14 90.0
15 88.0
16 70.0
17 70.0
18 60.0
19 54.0
20 48.0
21 48.0
22 36.0
Solucao Grasp2d_Melhoria
1 100.0
2 100.0
3 100.0
4 100.0
5 100.0
6 100.0
7 100.0
8 98.0
9 96.0
10 96.0
11 95.0
12 94.0
13 91.0
14 88.0
15 85.0
16 70.0
17 70.0
18 60.0
19 60.0
20 48.0
21 36.0
22 36.0
Solucao Grasp2d_Melhoria
1 100.0
2 100.0
3 100.0
4 100.0
5 100.0
6 99.0
7 98.0
8 97.0
9 96.0
10 95.0
11 92.0
12 91.0
13 88.0
14 87.0
15 75.0
16 72.0
17 70.0
18 70.0
19 48.0
20 48.0
21 36.0
22 36.0
23 25.0
Solucao Grasp2d_Melhoria
1 100.0
2 100.0
3 100.0
4 100.0
5 100.0
6 100.0
7 100.0
8 98.0
9 95.0
10 95.0
11 94.0
12 94.0
13 92.0
14 88.0
15 85.0
16 70.0
17 70.0
18 68.0
19 60.0
20 42.0
21 36.0
22 36.0
Solucao Grasp2d_Melhoria
1 100.0
2 100.0
3 100.0
4 100.0
5 99.0
6 98.0
7 98.0
8 96.0
9 96.0
10 96.0
11 95.0
12 94.0
13 94.0
14 88.0
15 80.0
16 72.0
17 70.0
18 70.0
19 56.00000000000001
20 49.0
21 36.0
22 36.0
Solucao Grasp2d_Melhoria
1 100.0
2 100.0
3 100.0
4 100.0
5 100.0
6 100.0
7 100.0
8 96.0
9 96.0
10 95.0
11 94.0
12 92.0
13 90.0
14 88.0
15 85.0
16 73.0
17 70.0
18 70.0
19 60.0
20 42.0
21 36.0
22 36.0
Solucao Grasp2d_Melhoria
1 100.0
2 100.0
3 100.0
4 100.0
5 100.0
6 100.0
7 99.0
8 96.0
9 95.0
10 94.0
11 94.0
12 92.0
13 91.0
14 88.0
15 80.0
16 80.0
17 70.0
18 70.0
19 54.0
20 48.0
21 36.0
22 36.0
Solucao Grasp2d_Melhoria
1 100.0
2 100.0
3 100.0
4 100.0
5 100.0
6 100.0
7 100.0
8 98.0
9 96.0
10 95.0
11 92.0
12 91.0
13 88.0
14 85.0
15 80.0
16 70.0
17 70.0
18 68.0
19 60.0
20 57.99999999999999
21 36.0
22 36.0
Solucao Grasp2d_Melhoria
1 100.0
2 100.0
3 100.0
4 100.0
5 100.0
6 100.0
7 100.0
8 100.0
9 96.0
10 94.0
11 91.0
12 90.0
13 88.0
14 88.0
15 88.0
16 75.0
17 75.0
18 70.0
19 48.0
20 48.0
21 36.0
22 36.0
Solucao Grasp2d_Melhoria
1 100.0
2 100.0
3 100.0
4 100.0
5 100.0
6 100.0
7 100.0
8 98.0
9 96.0
10 95.0
11 94.0
12 91.0
13 90.0
14 88.0
15 85.0
16 72.0
17 70.0
18 70.0
19 60.0
20 42.0
21 36.0
22 36.0
Solucao Grasp2d_Melhoria
1 100.0
2 100.0
3 100.0
4 100.0
5 100.0
6 99.0
7 99.0
8 99.0
9 97.0
10 96.0
11 92.0
12 91.0
13 90.0
14 88.0
15 88.0
16 85.0
17 70.0
18 60.0
19 49.0
20 48.0
21 36.0
22 36.0
Solucao Grasp2d_Melhoria
1 100.0
2 100.0
3 100.0
4 100.0
5 100.0
6 100.0
7 100.0
8 99.0
9 96.0
10 94.0
11 92.0
12 90.0
13 88.0
14 88.0
15 70.0
16 70.0
17 70.0
18 68.0
19 60.0
20 60.0
21 42.0
22 36.0
Solucao Grasp2d_Melhoria
1 100.0
2 100.0
3 100.0
4 100.0
5 100.0
6 100.0
7 99.0
8 98.0
9 96.0
10 94.0
11 92.0
12 92.0
13 88.0
14 88.0
15 85.0
16 70.0
17 68.0
18 63.0
19 60.0
20 57.99999999999999
21 36.0
22 36.0
Solucao Grasp2d_Melhoria
1 100.0
2 100.0
3 100.0
4 100.0
5 100.0
6 100.0
7 100.0
8 98.0
9 96.0
10 96.0
11 95.0
12 93.0
13 93.0
14 88.0
15 84.0
16 70.0
17 70.0
18 60.0
19 60.0
20 48.0
21 36.0
22 36.0
Solucao Grasp2d_Melhoria
1 100.0
2 100.0
3 100.0
4 100.0
5 99.0
6 99.0
7 99.0
8 98.0
9 96.0
10 95.0
11 94.0
12 92.0
13 89.0
14 88.0
15 75.0
16 70.0
17 70.0
18 60.0
19 54.0
20 48.0
21 36.0
22 36.0
23 25.0
Solucao Grasp2d_Melhoria
1 100.0
2 100.0
3 100.0
4 100.0
5 100.0
6 100.0
7 100.0
8 98.0
9 96.0
10 96.0
11 95.0
12 94.0
13 91.0
14 88.0
15 85.0
16 70.0
17 70.0
18 66.0
19 60.0
20 42.0
21 36.0
22 36.0
Solucao Grasp2d_Melhoria
1 100.0
2 100.0
3 100.0
4 100.0
5 99.0
6 98.0
7 98.0
8 98.0
9 92.0
10 91.0
11 91.0
12 90.0
13 88.0
14 88.0
15 72.0
16 72.0
17 70.0
18 70.0
19 62.0
20 60.0
21 48.0
22 36.0
Solucao Grasp2d_Melhoria
1 100.0
2 100.0
3 100.0
4 100.0
5 100.0
6 100.0
7 100.0
8 98.0
9 96.0
10 96.0
11 95.0
12 91.0
13 88.0
14 88.0
15 85.0
16 72.0
17 70.0
18 70.0
19 60.0
20 42.0
21 36.0
22 36.0
Solucao Grasp2d_Melhoria
1 100.0
2 100.0
3 100.0
4 100.0
5 100.0
6 100.0
7 100.0
8 96.0
9 96.0
10 95.0
11 94.0
12 91.0
13 90.0
14 88.0
15 85.0
16 74.0
17 70.0
18 70.0
19 60.0
20 42.0
21 36.0
22 36.0
Solucao Grasp2d_Melhoria
1 100.0
2 100.0
3 100.0
4 100.0
5 100.0
6 100.0
7 100.0
8 98.0
9 96.0
10 95.0
11 92.0
12 91.0
13 88.0
14 85.0
15 80.0
16 70.0
17 70.0
18 68.0
19 60.0
20 57.99999999999999
21 36.0
22 36.0
Solucao Grasp2d_Melhoria
1 100.0
2 100.0
3 100.0
4 100.0
5 100.0
6 100.0
7 100.0
8 98.0
9 96.0
10 96.0
11 95.0
12 93.0
13 92.0
14 88.0
15 85.0
16 70.0
17 70.0
18 60.0
19 60.0
20 48.0
21 36.0
22 36.0
Solucao Grasp2d_Melhoria
1 100.0
2 100.0
3 100.0
4 100.0
5 100.0
6 100.0
7 100.0
8 98.0
9 96.0
10 96.0
11 94.0
12 93.0
13 90.0
14 88.0
15 88.0
16 70.0
17 70.0
18 60.0
19 60.0
20 48.0
21 36.0
22 36.0
Solucao Grasp2d_Melhoria
1 100.0
2 100.0
3 100.0
4 100.0
5 100.0
6 100.0
7 100.0
8 97.0
9 96.0
10 96.0
11 92.0
12 91.0
13 90.0
14 85.0
15 74.0
16 70.0
17 70.0
18 70.0
19 60.0
20 60.0
21 36.0
22 36.0
Solucao Grasp2d_Melhoria
1 100.0
2 100.0
3 100.0
4 100.0
5 100.0
6 100.0
7 100.0
8 99.0
9 98.0
10 96.0
11 91.0
12 88.0
13 82.0
14 82.0
15 80.0
16 76.0
17 75.0
18 70.0
19 60.0
20 54.0
21 36.0
22 36.0
Solucao Grasp2d_Melhoria
1 100.0
2 100.0
3 100.0
4 100.0
5 100.0
6 100.0
7 100.0
8 99.0
9 98.0
10 96.0
11 93.0
12 88.0
13 88.0
14 85.0
15 70.0
16 70.0
17 70.0
18 68.0
19 60.0
20 60.0
21 42.0
22 36.0
Solucao Grasp2d_Melhoria
1 100.0
2 100.0
3 100.0
4 100.0
5 100.0
6 100.0
7 100.0
8 98.0
9 96.0
10 96.0
11 95.0
12 93.0
13 92.0
14 88.0
15 85.0
16 70.0
17 70.0
18 66.0
19 60.0
20 42.0
21 36.0
22 36.0
Solucao Grasp2d_Melhoria
1 100.0
2 100.0
3 100.0
4 100.0
5 100.0
6 100.0
7 100.0
8 98.0
9 96.0
10 95.0
11 94.0
12 91.0
13 88.0
14 85.0
15 76.0
16 70.0
17 70.0
18 66.0
19 62.0
20 60.0
21 36.0
22 36.0
Solucao Grasp2d_Melhoria
1 100.0
2 100.0
3 100.0
4 100.0
5 100.0
6 100.0
7 100.0
8 98.0
9 96.0
10 96.0
11 95.0
12 94.0
13 91.0
14 88.0
15 85.0
16 70.0
17 70.0
18 66.0
19 60.0
20 42.0
21 36.0
22 36.0
Solucao Grasp2d_Melhoria
1 100.0
2 100.0
3 100.0
4 100.0
5 100.0
6 100.0
7 100.0
8 96.0
9 96.0
10 95.0
11 94.0
12 92.0
13 92.0
14 90.0
15 88.0
16 70.0
17 70.0
18 60.0
19 60.0
20 48.0
21 36.0
22 36.0
Solucao Grasp2d_Melhoria
1 100.0
2 100.0
3 100.0
4 100.0
5 100.0
6 100.0
7 100.0
8 98.0
9 98.0
10 96.0
11 93.0
12 88.0
13 88.0
14 84.0
15 82.0
16 70.0
17 70.0
18 60.0
19 60.0
20 52.0
21 48.0
22 36.0
Solucao Grasp2d_Melhoria
1 100.0
2 100.0
3 100.0
4 100.0
5 100.0
6 100.0
7 100.0
8 96.0
9 96.0
10 95.0
11 91.0
12 90.0
13 88.0
14 84.0
15 80.0
16 75.0
17 72.0
18 70.0
19 60.0
20 54.0
21 36.0
22 36.0
Solucao Grasp2d_Melhoria
1 100.0
2 100.0
3 100.0
4 100.0
5 100.0
6 100.0
7 100.0
8 98.0
9 96.0
10 96.0
11 92.0
12 90.0
13 89.0
14 88.0
15 88.0
16 70.0
17 70.0
18 60.0
19 60.0
20 54.0
21 36.0
22 36.0
Solucao Grasp2d_Melhoria
1 100.0
2 100.0
3 100.0
4 100.0
5 100.0
6 100.0
7 100.0
8 99.0
9 97.0
10 96.0
11 88.0
12 88.0
13 88.0
14 85.0
15 72.0
16 72.0
17 70.0
18 70.0
19 60.0
20 60.0
21 42.0
22 36.0
Solucao Grasp2d_Melhoria
1 100.0
2 100.0
3 100.0
4 100.0
5 100.0
6 100.0
7 100.0
8 98.0
9 96.0
10 96.0
11 96.0
12 92.0
13 92.0
14 88.0
15 85.0
16 70.0
17 70.0
18 66.0
19 60.0
20 42.0
21 36.0
22 36.0
Solucao Grasp2d_Melhoria
1 100.0
2 100.0
3 100.0
4 100.0
5 100.0
6 100.0
7 100.0
8 98.0
9 96.0
10 95.0
11 94.0
12 92.0
13 91.0
14 88.0
15 85.0
16 70.0
17 70.0
18 64.0
19 60.0
20 48.0
21 36.0
22 36.0
Solucao Grasp2d_Melhoria
1 100.0
2 100.0
3 100.0
4 100.0
5 100.0
6 100.0
7 100.0
8 98.0
9 96.0
10 96.0
11 95.0
12 93.0
13 92.0
14 88.0
15 80.0
16 75.0
17 70.0
18 60.0
19 60.0
20 48.0
21 36.0
22 36.0
Solucao Grasp2d_Melhoria
1 100.0
2 100.0
3 100.0
4 100.0
5 100.0
6 100.0
7 100.0
8 98.0
9 96.0
10 96.0
11 95.0
12 94.0
13 92.0
14 88.0
15 78.0
16 72.0
17 70.0
18 70.0
19 60.0
20 42.0
21 36.0
22 36.0
Solucao Grasp2d_Melhoria
1 100.0
2 100.0
3 100.0
4 100.0
5 100.0
6 100.0
7 100.0
8 98.0
9 96.0
10 95.0
11 92.0
12 91.0
13 88.0
14 85.0
15 84.0
16 74.0
17 70.0
18 70.0
19 60.0
20 48.0
21 36.0
22 36.0
Solucao Grasp2d_Melhoria
1 100.0
2 100.0
3 100.0
4 100.0
5 100.0
6 100.0
7 100.0
8 98.0
9 96.0
10 96.0
11 95.0
12 93.0
13 92.0
14 88.0
15 85.0
16 70.0
17 70.0
18 60.0
19 60.0
20 48.0
21 36.0
22 36.0
Solucao Grasp2d_Melhoria
1 100.0
2 100.0
3 100.0
4 100.0
5 100.0
6 100.0
7 100.0
8 98.0
9 96.0
10 96.0
11 95.0
12 94.0
13 91.0
14 88.0
15 85.0
16 70.0
17 70.0
18 66.0
19 60.0
20 42.0
21 36.0
22 36.0
Solucao Grasp2d_Melhoria
1 100.0
2 100.0
3 100.0
4 100.0
5 100.0
6 100.0
7 100.0
8 98.0
9 96.0
10 93.0
11 92.0
12 90.0
13 89.0
14 88.0
15 85.0
16 78.0
17 70.0
18 70.0
19 60.0
20 42.0
21 36.0
22 36.0
Solucao Grasp2d_Melhoria
1 100.0
2 100.0
3 100.0
4 100.0
5 100.0
6 100.0
7 100.0
8 96.0
9 95.0
10 94.0
11 92.0
12 92.0
13 90.0
14 90.0
15 88.0
16 72.0
17 70.0
18 70.0
19 60.0
20 42.0
21 36.0
22 36.0
Solucao Grasp2d_Melhoria
1 100.0
2 100.0
3 100.0
4 100.0
5 100.0
6 100.0
7 100.0
8 98.0
9 96.0
10 95.0
11 94.0
12 93.0
13 92.0
14 88.0
15 85.0
16 70.0
17 70.0
18 68.0
19 60.0
20 42.0
21 36.0
22 36.0
Solucao Grasp2d_Melhoria
1 100.0
2 100.0
3 100.0
4 100.0
5 100.0
6 100.0
7 100.0
8 99.0
9 98.0
10 96.0
11 96.0
12 88.0
13 88.0
14 81.0
15 80.0
16 75.0
17 72.0
18 70.0
19 60.0
20 48.0
21 36.0
22 36.0
Solucao Grasp2d_Melhoria
1 100.0
2 100.0
3 100.0
4 100.0
5 100.0
6 100.0
7 100.0
8 97.0
9 96.0
10 96.0
11 93.0
12 92.0
13 90.0
14 88.0
15 85.0
16 70.0
17 70.0
18 60.0
19 54.0
20 54.0
21 42.0
22 36.0
Solucao Grasp2d_Melhoria
1 100.0
2 100.0
3 100.0
4 100.0
5 100.0
6 100.0
7 100.0
8 98.0
9 96.0
10 96.0
11 96.0
12 92.0
13 92.0
14 88.0
15 85.0
16 70.0
17 70.0
18 66.0
19 60.0
20 42.0
21 36.0
22 36.0
Solucao Grasp2d_Melhoria
1 100.0
2 100.0
3 100.0
4 100.0
5 100.0
6 100.0
7 100.0
8 99.0
9 98.0
10 96.0
11 95.0
12 93.0
13 88.0
14 88.0
15 78.0
16 70.0
17 70.0
18 62.0
19 60.0
20 54.0
21 36.0
22 36.0
Solucao Grasp2d_Melhoria
1 100.0
2 100.0
3 100.0
4 100.0
5 100.0
6 100.0
7 100.0
8 98.0
9 96.0
10 96.0
11 95.0
12 93.0
13 92.0
14 88.0
15 85.0
16 70.0
17 70.0
18 60.0
19 60.0
20 48.0
21 36.0
22 36.0
Solucao Grasp2d_Melhoria
1 100.0
2 100.0
3 100.0
4 100.0
5 100.0
6 100.0
7 100.0
8 98.0
9 96.0
10 96.0
11 93.0
12 93.0
13 90.0
14 89.0
15 88.0
16 70.0
17 70.0
18 60.0
19 60.0
20 48.0
21 36.0
22 36.0
Solucao Grasp2d_Melhoria
1 100.0
2 100.0
3 100.0
4 100.0
5 100.0
6 100.0
7 100.0
8 98.0
9 97.0
10 96.0
11 96.0
12 92.0
13 91.0
14 88.0
15 85.0
16 70.0
17 70.0
18 60.0
19 60.0
20 48.0
21 36.0
22 36.0
Solucao Grasp2d_Melhoria
1 100.0
2 100.0
3 100.0
4 100.0
5 100.0
6 100.0
7 100.0
8 98.0
9 96.0
10 96.0
11 95.0
12 94.0
13 91.0
14 88.0
15 85.0
16 70.0
17 70.0
18 60.0
19 60.0
20 48.0
21 36.0
22 36.0
Solucao Grasp2d_Melhoria
1 100.0
2 100.0
3 100.0
4 100.0
5 100.0
6 100.0
7 100.0
8 97.0
9 96.0
10 96.0
11 95.0
12 90.0
13 90.0
14 85.0
15 82.0
16 70.0
17 70.0
18 60.0
19 60.0
20 60.0
21 36.0
22 36.0
Solucao Grasp2d_Melhoria
1 100.0
2 100.0
3 100.0
4 100.0
5 100.0
6 100.0
7 100.0
8 98.0
9 97.0
10 96.0
11 96.0
12 92.0
13 91.0
14 88.0
15 85.0
16 70.0
17 70.0
18 60.0
19 60.0
20 48.0
21 36.0
22 36.0
Solucao Grasp2d_Melhoria
1 100.0
2 100.0
3 100.0
4 100.0
5 100.0
6 100.0
7 100.0
8 98.0
9 95.0
10 92.0
11 91.0
12 90.0
13 88.0
14 86.0
15 85.0
16 84.0
17 70.0
18 70.0
19 60.0
20 42.0
21 36.0
22 36.0
Solucao Grasp2d_Melhoria
1 100.0
2 100.0
3 100.0
4 100.0
5 100.0
6 100.0
7 100.0
8 96.0
9 96.0
10 95.0
11 94.0
12 93.0
13 90.0
14 85.0
15 82.0
16 70.0
17 70.0
18 60.0
19 60.0
20 60.0
21 36.0
22 36.0
Solucao Grasp2d_Melhoria
1 100.0
2 100.0
3 100.0
4 100.0
5 100.0
6 100.0
7 100.0
8 98.0
9 96.0
10 95.0
11 94.0
12 94.0
13 91.0
14 88.0
15 85.0
16 70.0
17 70.0
18 68.0
19 60.0
20 42.0
21 36.0
22 36.0
Solucao Grasp2d_Melhoria
1 100.0
2 100.0
3 100.0
4 100.0
5 100.0
6 100.0
7 100.0
8 98.0
9 96.0
10 96.0
11 95.0
12 93.0
13 92.0
14 88.0
15 85.0
16 70.0
17 70.0
18 66.0
19 60.0
20 42.0
21 36.0
22 36.0
Solucao Grasp2d_Melhoria
1 100.0
2 100.0
3 100.0
4 100.0
5 100.0
6 100.0
7 100.0
8 98.0
9 97.0
10 96.0
11 96.0
12 91.0
13 91.0
14 88.0
15 86.0
16 70.0
17 70.0
18 60.0
19 54.0
20 48.0
21 42.0
22 36.0
Solucao Grasp2d_Melhoria
1 100.0
2 100.0
3 100.0
4 100.0
5 100.0
6 100.0
7 100.0
8 96.0
9 95.0
10 95.0
11 92.0
12 90.0
13 88.0
14 85.0
15 78.0
16 72.0
17 70.0
18 70.0
19 60.0
20 60.0
21 36.0
22 36.0
Solucao Grasp2d_Melhoria
1 100.0
2 100.0
3 100.0
4 100.0
5 100.0
6 100.0
7 100.0
8 100.0
9 98.0
10 96.0
11 95.0
12 94.0
13 88.0
14 85.0
15 79.0
16 70.0
17 70.0
18 60.0
19 56.00000000000001
20 54.0
21 42.0
22 36.0
Solucao Grasp2d_Melhoria
1 100.0
2 100.0
3 100.0
4 100.0
5 100.0
6 100.0
7 100.0
8 99.0
9 98.0
10 96.0
11 92.0
12 90.0
13 88.0
14 88.0
15 82.0
16 70.0
17 70.0
18 60.0
19 54.0
20 52.0
21 48.0
22 36.0
Solucao Grasp2d_Melhoria
1 100.0
2 100.0
3 100.0
4 100.0
5 100.0
6 100.0
7 100.0
8 100.0
9 98.0
10 96.0
11 94.0
12 91.0
13 89.0
14 88.0
15 85.0
16 70.0
17 70.0
18 68.0
19 60.0
20 42.0
21 36.0
22 36.0
Solucao Grasp2d_Melhoria
1 100.0
2 100.0
3 100.0
4 100.0
5 100.0
6 100.0
7 100.0
8 98.0
9 97.0
10 96.0
11 96.0
12 92.0
13 91.0
14 88.0
15 85.0
16 70.0
17 70.0
18 60.0
19 60.0
20 48.0
21 36.0
22 36.0
Solucao Grasp2d_Melhoria
1 100.0
2 100.0
3 100.0
4 100.0
5 100.0
6 100.0
7 100.0
8 100.0
9 98.0
10 96.0
11 94.0
12 89.0
13 88.0
14 85.0
15 80.0
16 79.0
17 70.0
18 70.0
19 60.0
20 42.0
21 36.0
22 36.0
Solucao Grasp2d_Melhoria
1 100.0
2 100.0
3 100.0
4 100.0
5 100.0
6 100.0
7 100.0
8 100.0
9 98.0
10 97.0
11 96.0
12 92.0
13 88.0
14 85.0
15 74.0
16 72.0
17 70.0
18 70.0
19 60.0
20 49.0
21 36.0
22 36.0
